PS C:\Users\ohara\Documents\tetrisGUI\tetris>  cd 'c:\Users\ohara\Documents\tetrisGUI\tetris'; & 'C:\Users\ohara\.vscode\extensions\vscjava.vscode-java-debug-0.24.0\scripts\launcher.bat' 'C:\Program Files (x86)\Java\jdk1.8.0_201\bin\java' '-Dfile.encoding=UTF-8' '-cp' 'C:\Users\ohara\AppData\Roaming\Code\User\workspaceStorage\220cef49605ff75c76cd8bf976923960\redhat.java\jdt_ws\tetris_67b3a234\bin' 'TetrisAITest' 
1 2 3 4 5 6 7 8 9 10 11 12 13 14 15 16 17 18 19 20 21 22 23 24 25 26 27 28 29 30 31 32 33 34 35 36 37 38 39 40 41 42 43 44 45 46 47 48 49 50 51 52 53 54 55 56 57 58 59 60 61 62 63 64 65 66 67 68 69 70 71 72 73 74 75 76 77 78 79 80 81 82 83 84 85 86 87 88 89 90 91 92 93 94 95 96 97 98 99 100 
top in firstGen:3904,3911000
inputWeight:
-0.833786492906575,-0.8167544113939942,-0.7986686842277038,-0.20733595508756308,-0.2523769094048205,
-0.44089310685897876,0.8448345236112056,0.7663839526822442,-0.6749823929373355,0.9405828556980675,
-0.23848486877678865,-0.009487526344881037,0.3898366063254939,0.7692256898981575,0.343626367648187,
-0.468341384770256,-0.8280286375877006,-0.14478058611333955,0.6648427924552331,0.11945756749586023,
0.511513321580437,0.6077399292623125,-0.7476622543512734,-0.3018410277707311,0.3573325788957955,
-0.5473071008897039,0.07553574278062092,-0.8070633785094197,0.9471759540420364,-0.6324827122268826,
0.5562271619500181,-0.829392838385925,-0.7760296745162156,-0.03725862553885606,0.9047326513274192,
0.5744460265735707,0.5430198548899365,0.03997983349342782,0.5868050360183503,0.21278696951760767,
outputWeight:
0.33154288708024593,0.054022297492330784,0.4503183806437141,-0.8614179186511086,-0.40861217184416443,
1 2 3 4 5 6 7 8 9 10 11 12 13 14 15 16 17 18 19 20 21 22 23 24 25 26 27 28 29 30 31 32 33 34 35 36 37 38 39 40 41 42 43 44 45 46 47 48 49 50 51 52 53 54 55 56 57 58 59 60 61 62 63 64 65 66 67 68 69 70 71 72 73 74 75 76 77 78 79 80 81 82 83 84 85 86 87 88 89 90 91 92 93 94 95 96 97 98 99 100 
top in 1:3947,3953000
inputWeight:
-0.833786492906575,-0.8167544113939942,-0.7986686842277038,-0.20733595508756308,-0.2523769094048205,
-0.44089310685897876,0.8448345236112056,0.7663839526822442,-0.6749823929373355,0.9405828556980675,
-0.23848486877678865,-0.009487526344881037,0.3898366063254939,0.7692256898981575,0.343626367648187,
-0.468341384770256,-0.8280286375877006,-0.14478058611333955,0.6648427924552331,0.11945756749586023,
0.511513321580437,0.6077399292623125,-0.7476622543512734,-0.3018410277707311,0.3573325788957955,
-0.5473071008897039,0.07553574278062092,-0.8070633785094197,0.9471759540420364,-0.6324827122268826,
0.5562271619500181,-0.829392838385925,-0.7760296745162156,-0.03725862553885606,0.9047326513274192,
0.5744460265735707,0.5430198548899365,0.03997983349342782,0.5868050360183503,0.21278696951760767,
outputWeight:
0.33154288708024593,0.054022297492330784,0.4503183806437141,-0.8614179186511086,-0.40861217184416443,
1 2 3 4 5 6 7 8 9 10 11 12 13 14 15 16 17 18 19 20 21 22 23 24 25 26 27 28 29 30 31 32 33 34 35 36 37 38 39 40 41 42 43 44 45 46 47 48 49 50 51 52 53 54 55 56 57 58 59 60 61 62 63 64 65 66 67 68 69 70 71 72 73 74 75 76 77 78 79 80 81 82 83 84 85 86 87 88 89 90 91 92 93 94 95 96 97 98 99 100 
top in 2:3891,3902000
inputWeight:
-0.833786492906575,-0.8167544113939942,-0.7986686842277038,-0.20733595508756308,-0.2523769094048205,
-0.44089310685897876,0.8448345236112056,0.7663839526822442,-0.6749823929373355,0.9405828556980675,
-0.23848486877678865,-0.009487526344881037,0.3898366063254939,0.7692256898981575,0.343626367648187,
-0.468341384770256,-0.8280286375877006,-0.14478058611333955,0.6648427924552331,0.11945756749586023,
0.511513321580437,0.6077399292623125,-0.7476622543512734,-0.3018410277707311,0.3573325788957955,
-0.5473071008897039,0.07553574278062092,-0.8070633785094197,0.9471759540420364,-0.6324827122268826,
0.5562271619500181,-0.829392838385925,-0.7760296745162156,-0.03725862553885606,0.9047326513274192,
0.5744460265735707,0.5430198548899365,0.03997983349342782,0.5868050360183503,0.21278696951760767,
outputWeight:
0.33154288708024593,0.054022297492330784,0.4503183806437141,-0.8614179186511086,-0.40861217184416443,
1 2 3 4 5 6 7 8 9 10 11 12 13 14 15 16 17 18 19 20 21 22 23 24 25 26 27 28 29 30 31 32 33 34 35 36 37 38 39 40 41 42 43 44 45 46 47 48 49 50 51 52 53 54 55 56 57 58 59 60 61 62 63 64 65 66 67 68 69 70 71 72 73 74 75 76 77 78 79 80 81 82 83 84 85 86 87 88 89 90 91 92 93 94 95 96 97 98 99 100 
top in 3:3836,3844000
inputWeight:
-0.833786492906575,-0.8167544113939942,-0.7986686842277038,-0.20733595508756308,-0.2523769094048205,
-0.44089310685897876,0.8448345236112056,0.7663839526822442,-0.6749823929373355,0.9405828556980675,
-0.23848486877678865,-0.009487526344881037,0.3898366063254939,0.7692256898981575,0.343626367648187,
-0.468341384770256,-0.8280286375877006,-0.14478058611333955,0.6648427924552331,0.11945756749586023,
0.511513321580437,0.6077399292623125,-0.7476622543512734,-0.3018410277707311,0.3573325788957955,
-0.5473071008897039,0.07553574278062092,-0.8070633785094197,0.9471759540420364,-0.6324827122268826,
0.5562271619500181,-0.829392838385925,-0.7760296745162156,-0.03725862553885606,0.9047326513274192,
0.5744460265735707,0.5430198548899365,0.03997983349342782,0.5868050360183503,0.21278696951760767,
outputWeight:
0.33154288708024593,0.054022297492330784,0.4503183806437141,-0.8614179186511086,-0.40861217184416443,
1 2 3 4 5 6 7 8 9 10 11 12 13 14 15 16 17 18 19 20 21 22 23 24 25 26 27 28 29 30 31 32 33 34 35 36 37 38 39 40 41 42 43 44 45 46 47 48 49 50 51 52 53 54 55 56 57 58 59 60 61 62 63 64 65 66 67 68 69 70 71 72 73 74 75 76 77 78 79 80 81 82 83 84 85 86 87 88 89 90 91 92 93 94 95 96 97 98 99 100 
top in 4:3884,3908000
inputWeight:
-0.833786492906575,-0.8167544113939942,-0.7986686842277038,-0.20733595508756308,-0.2523769094048205,
-0.44089310685897876,0.8448345236112056,0.7663839526822442,-0.6749823929373355,0.9405828556980675,
-0.23848486877678865,-0.009487526344881037,0.3898366063254939,0.7692256898981575,0.343626367648187,
-0.468341384770256,-0.8280286375877006,-0.14478058611333955,0.6648427924552331,0.11945756749586023,
0.511513321580437,0.6077399292623125,-0.7476622543512734,-0.3018410277707311,0.3573325788957955,
-0.5473071008897039,0.07553574278062092,-0.8070633785094197,0.9471759540420364,-0.6324827122268826,
0.5562271619500181,-0.829392838385925,-0.7760296745162156,-0.03725862553885606,0.9047326513274192,
0.5744460265735707,0.5430198548899365,0.03997983349342782,0.5868050360183503,0.21278696951760767,
outputWeight:
0.33154288708024593,0.054022297492330784,0.4503183806437141,-0.8614179186511086,-0.40861217184416443,
1 2 3 4 5 6 7 8 9 10 11 12 13 14 15 16 17 18 19 20 21 22 23 24 25 26 27 28 29 30 31 32 33 34 35 36 37 38 39 40 41 42 43 44 45 46 47 48 49 50 51 52 53 54 55 56 57 58 59 60 61 62 63 64 65 66 67 68 69 70 71 72 73 74 75 76 77 78 79 80 81 82 83 84 85 86 87 88 89 90 91 92 93 94 95 96 97 98 99 100 
top in 5:3870,3885000
inputWeight:
-0.833786492906575,-0.8167544113939942,-0.7986686842277038,-0.20733595508756308,-0.2523769094048205,
-0.44089310685897876,0.8448345236112056,0.7663839526822442,-0.6749823929373355,0.9405828556980675,
-0.23848486877678865,-0.009487526344881037,0.3898366063254939,0.7692256898981575,0.343626367648187,
-0.468341384770256,-0.8280286375877006,-0.14478058611333955,0.6648427924552331,0.11945756749586023,
0.511513321580437,0.6077399292623125,-0.7476622543512734,-0.3018410277707311,0.3573325788957955,
-0.5473071008897039,0.07553574278062092,-0.8070633785094197,0.9471759540420364,-0.6324827122268826,
0.5562271619500181,-0.829392838385925,-0.7760296745162156,-0.03725862553885606,0.9047326513274192,
0.5744460265735707,0.5430198548899365,0.03997983349342782,0.5868050360183503,0.21278696951760767,
outputWeight:
0.33154288708024593,0.054022297492330784,0.4503183806437141,-0.8614179186511086,-0.40861217184416443,
1 2 3 4 5 6 7 8 9 10 11 12 13 14 15 16 17 18 19 20 21 22 23 24 25 26 27 28 29 30 31 32 33 34 35 36 37 38 39 40 41 42 43 44 45 46 47 48 49 50 51 52 53 54 55 56 57 58 59 60 61 62 63 64 65 66 67 68 69 70 71 72 73 74 75 76 77 78 79 80 81 82 83 84 85 86 87 88 89 90 91 92 93 94 95 96 97 98 99 100 
top in 6:3899,3913000
inputWeight:
-0.833786492906575,-0.8167544113939942,-0.7986686842277038,-0.20733595508756308,-0.2523769094048205,
-0.44089310685897876,0.8448345236112056,0.7663839526822442,-0.6749823929373355,0.9405828556980675,
-0.23848486877678865,-0.009487526344881037,0.3898366063254939,0.7692256898981575,0.343626367648187,
-0.468341384770256,-0.8280286375877006,-0.14478058611333955,0.6648427924552331,0.11945756749586023,
0.511513321580437,0.6077399292623125,-0.7476622543512734,-0.3018410277707311,0.3573325788957955,
-0.5473071008897039,0.07553574278062092,-0.8070633785094197,0.9471759540420364,-0.6324827122268826,
0.5562271619500181,-0.829392838385925,-0.7760296745162156,-0.03725862553885606,0.9047326513274192,
0.5744460265735707,0.5430198548899365,0.03997983349342782,0.5868050360183503,0.21278696951760767,
outputWeight:
0.33154288708024593,0.054022297492330784,0.4503183806437141,-0.8614179186511086,-0.40861217184416443,
1 2 3 4 5 6 7 8 9 10 11 12 13 14 15 16 17 18 19 20 21 22 23 24 25 26 27 28 29 30 31 32 33 34 35 36 37 38 39 40 41 42 43 44 45 46 47 48 49 50 51 52 53 54 55 56 57 58 59 60 61 62 63 64 65 66 67 68 69 70 71 72 73 74 75 76 77 78 79 80 81 82 83 84 85 86 87 88 89 90 91 92 93 94 95 96 97 98 99 100 
top in 7:3865,3871000
inputWeight:
-0.833786492906575,-0.8167544113939942,-0.7986686842277038,-0.20733595508756308,-0.2523769094048205,
-0.44089310685897876,0.8448345236112056,0.7663839526822442,-0.6749823929373355,0.9405828556980675,
-0.23848486877678865,-0.009487526344881037,0.3898366063254939,0.7692256898981575,0.343626367648187,
-0.468341384770256,-0.8280286375877006,-0.14478058611333955,0.6648427924552331,0.11945756749586023,
0.511513321580437,0.6077399292623125,-0.7476622543512734,-0.3018410277707311,0.3573325788957955,
-0.5473071008897039,0.07553574278062092,-0.8070633785094197,0.9471759540420364,-0.6324827122268826,
0.5562271619500181,-0.829392838385925,-0.7760296745162156,-0.03725862553885606,0.9047326513274192,
0.5744460265735707,0.5430198548899365,0.03997983349342782,0.5868050360183503,0.21278696951760767,
outputWeight:
0.33154288708024593,0.054022297492330784,0.4503183806437141,-0.8614179186511086,-0.40861217184416443,
1 2 3 4 5 6 7 8 9 10 11 12 13 14 15 16 17 18 19 20 21 22 23 24 25 26 27 28 29 30 31 32 33 34 35 36 37 38 39 40 41 42 43 44 45 46 47 48 49 50 51 52 53 54 55 56 57 58 59 60 61 62 63 64 65 66 67 68 69 70 71 72 73 74 75 76 77 78 79 80 81 82 83 84 85 86 87 88 89 90 91 92 93 94 95 96 97 98 99 100 
top in 8:3830,3834000
inputWeight:
-0.833786492906575,-0.8167544113939942,-0.7986686842277038,-0.20733595508756308,-0.2523769094048205,
-0.44089310685897876,0.8448345236112056,0.7663839526822442,-0.6749823929373355,0.9405828556980675,
-0.23848486877678865,-0.009487526344881037,0.3898366063254939,0.7692256898981575,0.343626367648187,
-0.468341384770256,-0.8280286375877006,-0.14478058611333955,0.6648427924552331,0.11945756749586023,
0.511513321580437,0.6077399292623125,-0.7476622543512734,-0.3018410277707311,0.3573325788957955,
-0.5473071008897039,0.07553574278062092,-0.8070633785094197,0.9471759540420364,-0.6324827122268826,
0.5562271619500181,-0.829392838385925,-0.7760296745162156,-0.03725862553885606,0.9047326513274192,
0.5744460265735707,0.5430198548899365,0.03997983349342782,0.5868050360183503,0.21278696951760767,
outputWeight:
0.33154288708024593,0.054022297492330784,0.4503183806437141,-0.8614179186511086,-0.40861217184416443,
1 2 3 4 5 6 7 8 9 10 11 12 13 14 15 16 17 18 19 20 21 22 23 24 25 26 27 28 29 30 31 32 33 34 35 36 37 38 39 40 41 42 43 44 45 46 47 48 49 50 51 52 53 54 55 56 57 58 59 60 61 62 63 64 65 66 67 68 69 70 71 72 73 74 75 76 77 78 79 80 81 82 83 84 85 86 87 88 89 90 91 92 93 94 95 96 97 98 99 100 
top in 9:3877,3888000
inputWeight:
-0.833786492906575,-0.8167544113939942,-0.7986686842277038,-0.20733595508756308,-0.2523769094048205,
-0.44089310685897876,0.8448345236112056,0.7663839526822442,-0.6749823929373355,0.9405828556980675,
-0.23848486877678865,-0.009487526344881037,0.3898366063254939,0.7692256898981575,0.343626367648187,
-0.468341384770256,-0.8280286375877006,-0.14478058611333955,0.6648427924552331,0.11945756749586023,
0.511513321580437,0.6077399292623125,-0.7476622543512734,-0.3018410277707311,0.3573325788957955,
-0.5473071008897039,0.07553574278062092,-0.8070633785094197,0.9471759540420364,-0.6324827122268826,
0.5562271619500181,-0.829392838385925,-0.7760296745162156,-0.03725862553885606,0.9047326513274192,
0.5744460265735707,0.5430198548899365,0.03997983349342782,0.5868050360183503,0.21278696951760767,
outputWeight:
0.33154288708024593,0.054022297492330784,0.4503183806437141,-0.8614179186511086,-0.40861217184416443,
1 2 3 4 5 6 7 8 9 10 11 12 13 14 15 16 17 18 19 20 21 22 23 24 25 26 27 28 29 30 31 32 33 34 35 36 37 38 39 40 41 42 43 44 45 46 47 48 49 50 51 52 53 54 55 56 57 58 59 60 61 62 63 64 65 66 67 68 69 70 71 72 73 74 75 76 77 78 79 80 81 82 83 84 85 86 87 88 89 90 91 92 93 94 95 96 97 98 99 100 
top in 10:3870,3879000
inputWeight:
-0.833786492906575,-0.8167544113939942,-0.7986686842277038,-0.20733595508756308,-0.2523769094048205,
-0.44089310685897876,0.8448345236112056,0.7663839526822442,-0.6749823929373355,0.9405828556980675,
-0.23848486877678865,-0.009487526344881037,0.3898366063254939,0.7692256898981575,0.343626367648187,
-0.468341384770256,-0.8280286375877006,-0.14478058611333955,0.6648427924552331,0.11945756749586023,
0.511513321580437,0.6077399292623125,-0.7476622543512734,-0.3018410277707311,0.3573325788957955,
-0.5473071008897039,0.07553574278062092,-0.8070633785094197,0.9471759540420364,-0.6324827122268826,
0.5562271619500181,-0.829392838385925,-0.7760296745162156,-0.03725862553885606,0.9047326513274192,
0.5744460265735707,0.5430198548899365,0.03997983349342782,0.5868050360183503,0.21278696951760767,
outputWeight:
0.33154288708024593,0.054022297492330784,0.4503183806437141,-0.8614179186511086,-0.40861217184416443,