PS C:\Users\ohara\Documents\tetrisGUI\tetris> cd 'c:\Users\ohara\Documents\tetrisGUI\tetris'; & 'C:\Users\ohara\.vscode\extensions\vscjava.vscode-java-debug-0.24.0\scripts\launcher.bat' 'C:\Program Files (x86)\Java\jdk1.8.0_201\bin\java' '-Dfile.encoding=UTF-8' '-cp' 'C:\Users\ohara\AppData\Roaming\Code\User\workspaceStorage\220cef49605ff75c76cd8bf976923960\redhat.java\jdt_ws\tetris_67b3a234\bin' 'TetrisAITest' 
1 2 3 4 5 6 7 8 9 10 11 12 13 14 15 16 17 18 19 20 21 22 23 24 25 26 27 28 29 30 31 32 33 34 35 36 37 38 39 40 41 42 43 44 45 46 47 48 49 50 51 52 53 54 55 56 57 58 59 60 61 62 63 64 65 66 67 68 69 70 71 72 73 74 75 76 77 78 79 80 81 82 83 84 85 86 87 88 89 90 91 92 93 94 95 96 97 98 99 100 
top in firstGen:3866,3871000
inputWeight:
0.16028266665425073,0.9866956998799827,0.3710534395113698,-0.03292207677619596,-0.7024446774431727,
0.25700162016758643,0.04820340440861148,-0.38659220987028164,0.2731522138800857,-0.7809356432659904,
0.2507306789215351,0.19897011984199198,0.8053566897354374,-0.6338433472859266,-0.39771878434659946,
0.3584497565821829,-0.29369261143500114,-0.3617039033473972,-0.9290724448995333,0.5758097468342549,
-0.15888187543489818,-0.9792612859849559,0.007328993872959266,0.3920992357653803,-0.9599994498363642,
-0.6252275303217714,-0.3367609688125215,0.8104044161822097,-0.10692261732084885,0.30549783436720723,
0.870046015388326,-0.5473693521612792,0.8575734990018997,-0.6287167241907601,0.057036451281017975,
-0.47719676838759284,0.6070722840933873,0.4395830808906036,-0.7109331844703424,-0.8684259228035851,
outputWeight:
0.6475506911169573,-0.058683855463547596,-0.24255123829203096,0.9937541245306707,0.42083590374401436,
1 2 3 4 5 6 7 8 9 10 11 12 13 14 15 16 17 18 19 20 21 22 23 24 25 26 27 28 29 30 31 32 33 34 35 36 37 38 39 40 41 42 43 44 45 46 47 48 49 50 51 52 53 54 55 56 57 58 59 60 61 62 63 64 65 66 67 68 69 70 71 72 73 74 75 76 77 78 79 80 81 82 83 84 85 86 87 88 89 90 91 92 93 94 95 96 97 98 99 100 
top in 1:3874,3883000
inputWeight:
0.6585473486392901,-0.04233123102672409,-0.8595889918341657,-0.32387381461882514,0.8683828319582236,
-0.3468876780440482,-0.023695180612935074,-0.7983370559036334,0.7638725238783457,-0.7993766925646915,
0.23300362505195538,-0.8450510886975515,-0.6576552703775029,0.0742118559600693,0.4139363460958483,
0.9382937310091011,0.40535499076757153,-0.23270577627665356,-0.5225536180670998,-0.0017691039813609866,
-0.5579385097154563,0.9941529367417348,-0.7339955910631843,0.07183830422714044,0.836696632698344,
0.432290158467566,-0.3381390173215446,0.8137964222983693,0.07982319471782384,0.5603620112202417,
0.8988278868882353,0.10887096380725625,-0.8369379962760082,-0.3536180680001426,0.9598742440330539,
-0.12549176680333352,0.8369789285191578,0.4408795562726606,-0.5097741314603355,-0.3417700616639092,
outputWeight:
-0.8513775299467778,0.6499253395072322,0.5680223793545416,0.6214507320847087,-0.2196007733142482,
1 2 3 4 5 6 7 8 9 10 11 12 13 14 15 16 17 18 19 20 21 22 23 24 25 26 27 28 29 30 31 32 33 34 35 36 37 38 39 40 41 42 43 44 45 46 47 48 49 50 51 52 53 54 55 56 57 58 59 60 61 62 63 64 65 66 67 68 69 70 71 72 73 74 75 76 77 78 79 80 81 82 83 84 85 86 87 88 89 90 91 92 93 94 95 96 97 98 99 100 
top in 2:3883,3887000
inputWeight:
0.16028266665425073,0.9866956998799827,0.3710534395113698,-0.03292207677619596,-0.7024446774431727,
0.25700162016758643,0.04820340440861148,-0.38659220987028164,0.2731522138800857,-0.7809356432659904,
0.2507306789215351,0.19897011984199198,0.8053566897354374,-0.6338433472859266,-0.39771878434659946,
0.3584497565821829,-0.29369261143500114,-0.3617039033473972,-0.9290724448995333,0.5758097468342549,
-0.15888187543489818,-0.9792612859849559,0.007328993872959266,0.3920992357653803,-0.9599994498363642,
-0.6252275303217714,-0.3367609688125215,0.8104044161822097,-0.10692261732084885,0.30549783436720723,
0.870046015388326,-0.5473693521612792,0.8575734990018997,-0.6287167241907601,0.057036451281017975,
-0.47719676838759284,0.6070722840933873,0.4395830808906036,-0.7109331844703424,-0.8684259228035851,
outputWeight:
0.6475506911169573,-0.058683855463547596,-0.24255123829203096,0.9937541245306707,0.42083590374401436,
1 2 3 4 5 6 7 8 9 10 11 12 13 14 15 16 17 18 19 20 21 22 23 24 25 26 27 28 29 30 31 32 33 34 35 36 37 38 39 40 41 42 43 44 45 46 47 48 49 50 51 52 53 54 55 56 57 58 59 60 61 62 63 64 65 66 67 68 69 70 71 72 73 74 75 76 77 78 79 80 81 82 83 84 85 86 87 88 89 90 91 92 93 94 95 96 97 98 99 100 
top in 3:3848,3850000
inputWeight:
0.16028266665425073,0.9866956998799827,0.3710534395113698,-0.03292207677619596,-0.7024446774431727,
0.25700162016758643,0.04820340440861148,-0.38659220987028164,0.2731522138800857,-0.7809356432659904,
0.2507306789215351,0.19897011984199198,0.8053566897354374,-0.6338433472859266,-0.39771878434659946,
0.3584497565821829,-0.29369261143500114,-0.3617039033473972,-0.9290724448995333,0.5758097468342549,
-0.15888187543489818,-0.9792612859849559,0.007328993872959266,0.3920992357653803,-0.9599994498363642,
-0.6252275303217714,-0.3367609688125215,0.8104044161822097,-0.10692261732084885,0.30549783436720723,
0.870046015388326,-0.5473693521612792,0.8575734990018997,-0.6287167241907601,0.057036451281017975,
-0.47719676838759284,0.6070722840933873,0.4395830808906036,-0.7109331844703424,-0.8684259228035851,
outputWeight:
0.6475506911169573,-0.058683855463547596,-0.24255123829203096,0.9937541245306707,0.42083590374401436,
1 2 3 4 5 6 7 8 9 10 11 12 13 14 15 16 17 18 19 20 21 22 23 24 25 26 27 28 29 30 31 32 33 34 35 36 37 38 39 40 41 42 43 44 45 46 47 48 49 50 51 52 53 54 55 56 57 58 59 60 61 62 63 64 65 66 67 68 69 70 71 72 73 74 75 76 77 78 79 80 81 82 83 84 85 86 87 88 89 90 91 92 93 94 95 96 97 98 99 100 
top in 4:3892,3896000
inputWeight:
0.16028266665425073,0.9866956998799827,0.3710534395113698,-0.03292207677619596,-0.7024446774431727,
0.25700162016758643,0.04820340440861148,-0.38659220987028164,0.2731522138800857,-0.7809356432659904,
0.2507306789215351,0.19897011984199198,0.8053566897354374,-0.6338433472859266,-0.39771878434659946,
0.3584497565821829,-0.29369261143500114,-0.3617039033473972,-0.9290724448995333,0.5758097468342549,
-0.15888187543489818,-0.9792612859849559,0.007328993872959266,0.3920992357653803,-0.9599994498363642,
-0.6252275303217714,-0.3367609688125215,0.8104044161822097,-0.10692261732084885,0.30549783436720723,
0.870046015388326,-0.5473693521612792,0.8575734990018997,-0.6287167241907601,0.057036451281017975,
-0.47719676838759284,0.6070722840933873,0.4395830808906036,-0.7109331844703424,-0.8684259228035851,
outputWeight:
0.6475506911169573,-0.058683855463547596,-0.24255123829203096,0.9937541245306707,0.42083590374401436,
1 2 3 4 5 6 7 8 9 10 11 12 13 14 15 16 17 18 19 20 21 22 23 24 25 26 27 28 29 30 31 32 33 34 35 36 37 38 39 40 41 42 43 44 45 46 47 48 49 50 51 52 53 54 55 56 57 58 59 60 61 62 63 64 65 66 67 68 69 70 71 72 73 74 75 76 77 78 79 80 81 82 83 84 85 86 87 88 89 90 91 92 93 94 95 96 97 98 99 100 
top in 5:3890,3894000
inputWeight:
0.16028266665425073,0.9866956998799827,0.3710534395113698,-0.03292207677619596,-0.7024446774431727,
0.25700162016758643,0.04820340440861148,-0.38659220987028164,0.2731522138800857,-0.7809356432659904,
0.2507306789215351,0.19897011984199198,0.8053566897354374,-0.6338433472859266,-0.39771878434659946,
0.3584497565821829,-0.29369261143500114,-0.3617039033473972,-0.9290724448995333,0.5758097468342549,
-0.15888187543489818,-0.9792612859849559,0.007328993872959266,0.3920992357653803,-0.9599994498363642,
-0.6252275303217714,-0.3367609688125215,0.8104044161822097,-0.10692261732084885,0.30549783436720723,
0.870046015388326,-0.5473693521612792,0.8575734990018997,-0.6287167241907601,0.057036451281017975,
-0.47719676838759284,0.6070722840933873,0.4395830808906036,-0.7109331844703424,-0.8684259228035851,
outputWeight:
0.6475506911169573,-0.058683855463547596,-0.24255123829203096,0.9937541245306707,0.42083590374401436,
1 2 3 4 5 6 7 8 9 10 11 12 13 14 15 16 17 18 19 20 21 22 23 24 25 26 27 28 29 30 31 32 33 34 35 36 37 38 39 40 41 42 43 44 45 46 47 48 49 50 51 52 53 54 55 56 57 58 59 60 61 62 63 64 65 66 67 68 69 70 71 72 73 74 75 76 77 78 79 80 81 82 83 84 85 86 87 88 89 90 91 92 93 94 95 96 97 98 99 100 
top in 6:3905,3907000
inputWeight:
0.16028266665425073,0.9866956998799827,0.3710534395113698,-0.03292207677619596,-0.7024446774431727,
0.25700162016758643,0.04820340440861148,-0.38659220987028164,0.2731522138800857,-0.7809356432659904,
0.2507306789215351,0.19897011984199198,0.8053566897354374,-0.6338433472859266,-0.39771878434659946,
0.3584497565821829,-0.29369261143500114,-0.3617039033473972,-0.9290724448995333,0.5758097468342549,
-0.15888187543489818,-0.9792612859849559,0.007328993872959266,0.3920992357653803,-0.9599994498363642,
-0.6252275303217714,-0.3367609688125215,0.8104044161822097,-0.10692261732084885,0.30549783436720723,
0.870046015388326,-0.5473693521612792,0.8575734990018997,-0.6287167241907601,0.057036451281017975,
-0.47719676838759284,0.6070722840933873,0.4395830808906036,-0.7109331844703424,-0.8684259228035851,
outputWeight:
0.6475506911169573,-0.058683855463547596,-0.24255123829203096,0.9937541245306707,0.42083590374401436,
1 2 3 4 5 6 7 8 9 10 11 12 13 14 15 16 17 18 19 20 21 22 23 24 25 26 27 28 29 30 31 32 33 34 35 36 37 38 39 40 41 42 43 44 45 46 47 48 49 50 51 52 53 54 55 56 57 58 59 60 61 62 63 64 65 66 67 68 69 70 71 72 73 74 75 76 77 78 79 80 81 82 83 84 85 86 87 88 89 90 91 92 93 94 95 96 97 98 99 100 
top in 7:3875,3877000
inputWeight:
0.16028266665425073,0.9866956998799827,0.3710534395113698,-0.03292207677619596,-0.7024446774431727,
0.25700162016758643,0.04820340440861148,-0.38659220987028164,0.2731522138800857,-0.7809356432659904,
0.2507306789215351,0.19897011984199198,0.8053566897354374,-0.6338433472859266,-0.39771878434659946,
0.3584497565821829,-0.29369261143500114,-0.3617039033473972,-0.9290724448995333,0.5758097468342549,
-0.15888187543489818,-0.9792612859849559,0.007328993872959266,0.3920992357653803,-0.9599994498363642,
-0.6252275303217714,-0.3367609688125215,0.8104044161822097,-0.10692261732084885,0.30549783436720723,
0.870046015388326,-0.5473693521612792,0.8575734990018997,-0.6287167241907601,0.057036451281017975,
-0.47719676838759284,0.6070722840933873,0.4395830808906036,-0.7109331844703424,-0.8684259228035851,
outputWeight:
0.6475506911169573,-0.058683855463547596,-0.24255123829203096,0.9937541245306707,0.42083590374401436,
1 2 3 4 5 6 7 8 9 10 11 12 13 14 15 16 17 18 19 20 21 22 23 24 25 26 27 28 29 30 31 32 33 34 35 36 37 38 39 40 41 42 43 44 45 46 47 48 49 50 51 52 53 54 55 56 57 58 59 60 61 62 63 64 65 66 67 68 69 70 71 72 73 74 75 76 77 78 79 80 81 82 83 84 85 86 87 88 89 90 91 92 93 94 95 96 97 98 99 100 
top in 8:3920,3926000
inputWeight:
0.16028266665425073,0.9866956998799827,0.3710534395113698,-0.03292207677619596,-0.7024446774431727,
0.25700162016758643,0.04820340440861148,-0.38659220987028164,0.2731522138800857,-0.7809356432659904,
0.2507306789215351,0.19897011984199198,0.8053566897354374,-0.6338433472859266,-0.39771878434659946,
0.3584497565821829,-0.29369261143500114,-0.3617039033473972,-0.9290724448995333,0.5758097468342549,
-0.15888187543489818,-0.9792612859849559,0.007328993872959266,0.3920992357653803,-0.9599994498363642,
-0.6252275303217714,-0.3367609688125215,0.8104044161822097,-0.10692261732084885,0.30549783436720723,
0.870046015388326,-0.5473693521612792,0.8575734990018997,-0.6287167241907601,0.057036451281017975,
-0.47719676838759284,0.6070722840933873,0.4395830808906036,-0.7109331844703424,-0.8684259228035851,
outputWeight:
0.6475506911169573,-0.058683855463547596,-0.24255123829203096,0.9937541245306707,0.42083590374401436,
1 2 3 4 5 6 7 8 9 10 11 12 13 14 15 16 17 18 19 20 21 22 23 24 25 26 27 28 29 30 31 32 33 34 35 36 37 38 39 40 41 42 43 44 45 46 47 48 49 50 51 52 53 54 55 56 57 58 59 60 61 62 63 64 65 66 67 68 69 70 71 72 73 74 75 76 77 78 79 80 81 82 83 84 85 86 87 88 89 90 91 92 93 94 95 96 97 98 99 100 
top in 9:3819,3825000
inputWeight:
0.5706179981844923,0.01844329633778674,0.48411237820126174,-0.5612843546029853,-0.3759235378303267,
-0.9188082385986553,-0.8781293583742957,0.19179708736212708,0.23717599470931972,0.31968258734289234,
0.3549209799869273,-0.5239461065295048,0.6134929685029382,-0.6309212321292423,0.5533336095084012,
0.22018347061605215,-0.4831863938959451,-0.022406216102275556,0.30958097541770013,-0.5089740219534882,
-0.14962918319242235,0.39697723096434845,0.1905650676060502,0.08711373396527788,-0.6234159305700098,
0.19280051317329017,-0.842508411055104,-0.4831353353352843,-0.49301020891292,-0.7207703030040562,
0.3332784775400599,-0.08389339729528467,0.5920497448209923,0.48297311750154437,0.2971857999163181,
-0.040379842928113696,-0.3594754367430768,0.44109141151531905,-0.41364499184871395,-0.6786122484051424,
outputWeight:
-0.5994836471241967,0.809712488808306,-0.425914985727021,-0.04040425221100952,-0.37500590068691575,
1 2 3 4 5 6 7 8 9 10 11 12 13 14 15 16 17 18 19 20 21 22 23 24 25 26 27 28 29 30 31 32 33 34 35 36 37 38 39 40 41 42 43 44 45 46 47 48 49 50 51 52 53 54 55 56 57 58 59 60 61 62 63 64 65 66 67 68 69 70 71 72 73 74 75 76 77 78 79 80 81 82 83 84 85 86 87 88 89 90 91 92 93 94 95 96 97 98 99 100 
top in 10:3958,3963000
inputWeight:
0.16028266665425073,0.9866956998799827,0.3710534395113698,-0.03292207677619596,-0.7024446774431727,
0.25700162016758643,0.04820340440861148,-0.38659220987028164,0.2731522138800857,-0.7809356432659904,
0.2507306789215351,0.19897011984199198,0.8053566897354374,-0.6338433472859266,-0.39771878434659946,
0.3584497565821829,-0.29369261143500114,-0.3617039033473972,-0.9290724448995333,0.5758097468342549,
-0.15888187543489818,-0.9792612859849559,0.007328993872959266,0.3920992357653803,-0.9599994498363642,
-0.6252275303217714,-0.3367609688125215,0.8104044161822097,-0.10692261732084885,0.30549783436720723,
0.870046015388326,-0.5473693521612792,0.8575734990018997,-0.6287167241907601,0.057036451281017975,
-0.47719676838759284,0.6070722840933873,0.4395830808906036,-0.7109331844703424,-0.8684259228035851,
outputWeight:
0.6475506911169573,-0.058683855463547596,-0.24255123829203096,0.9937541245306707,0.42083590374401436,
1 2 3 4 5 6 7 8 9 10 11 12 13 14 15 16 17 18 19 20 21 22 23 24 25 26 27 28 29 30 31 32 33 34 35 36 37 38 39 40 41 42 43 44 45 46 47 48 49 50 51 52 53 54 55 56 57 58 59 60 61 62 63 64 65 66 67 68 69 70 71 72 73 74 75 76 77 78 79 80 81 82 83 84 85 86 87 88 89 90 91 92 93 94 95 96 97 98 99 100 
top in 11:3921,3922000
inputWeight:
0.16028266665425073,0.9866956998799827,0.3710534395113698,-0.03292207677619596,-0.7024446774431727,
0.25700162016758643,0.04820340440861148,-0.38659220987028164,0.2731522138800857,-0.7809356432659904,
0.2507306789215351,0.19897011984199198,0.8053566897354374,-0.6338433472859266,-0.39771878434659946,
0.3584497565821829,-0.29369261143500114,-0.3617039033473972,-0.9290724448995333,0.5758097468342549,
-0.15888187543489818,-0.9792612859849559,0.007328993872959266,0.3920992357653803,-0.9599994498363642,
-0.6252275303217714,-0.3367609688125215,0.8104044161822097,-0.10692261732084885,0.30549783436720723,
0.870046015388326,-0.5473693521612792,0.8575734990018997,-0.6287167241907601,0.057036451281017975,
-0.47719676838759284,0.6070722840933873,0.4395830808906036,-0.7109331844703424,-0.8684259228035851,
outputWeight:
0.6475506911169573,-0.058683855463547596,-0.24255123829203096,0.9937541245306707,0.42083590374401436,
1 2 3 4 5 6 7 8 9 10 11 12 13 14 15 16 17 18 19 20 21 22 23 24 25 26 27 28 29 30 31 32 33 34 35 36 37 38 39 40 41 42 43 44 45 46 47 48 49 50 51 52 53 54 55 56 57 58 59 60 61 62 63 64 65 66 67 68 69 70 71 72 73 74 75 76 77 78 79 80 81 82 83 84 85 86 87 88 89 90 91 92 93 94 95 96 97 98 99 100 
top in 12:3915,3918000
inputWeight:
0.16028266665425073,0.9866956998799827,0.3710534395113698,-0.03292207677619596,-0.7024446774431727,
0.25700162016758643,0.04820340440861148,-0.38659220987028164,0.2731522138800857,-0.7809356432659904,
0.2507306789215351,0.19897011984199198,0.8053566897354374,-0.6338433472859266,-0.39771878434659946,
0.3584497565821829,-0.29369261143500114,-0.3617039033473972,-0.9290724448995333,0.5758097468342549,
-0.15888187543489818,-0.9792612859849559,0.007328993872959266,0.3920992357653803,-0.9599994498363642,
-0.6252275303217714,-0.3367609688125215,0.8104044161822097,-0.10692261732084885,0.30549783436720723,
0.870046015388326,-0.5473693521612792,0.8575734990018997,-0.6287167241907601,0.057036451281017975,
-0.47719676838759284,0.6070722840933873,0.4395830808906036,-0.7109331844703424,-0.8684259228035851,
outputWeight:
0.6475506911169573,-0.058683855463547596,-0.24255123829203096,0.9937541245306707,0.42083590374401436,
1 2 3 4 5 6 7 8 9 10 11 12 13 14 15 16 17 18 19 20 21 22 23 24 25 26 27 28 29 30 31 32 33 34 35 36 37 38 39 40 41 42 43 44 45 46 47 48 49 50 51 52 53 54 55 56 57 58 59 60 61 62 63 64 65 66 67 68 69 70 71 72 73 74 75 76 77 78 79 80 81 82 83 84 85 86 87 88 89 90 91 92 93 94 95 96 97 98 99 100 
top in 13:3859,3860000
inputWeight:
0.5706179981844923,0.01844329633778674,0.48411237820126174,-0.5612843546029853,-0.3759235378303267,
-0.9188082385986553,-0.8781293583742957,0.19179708736212708,0.23717599470931972,0.31968258734289234,
0.3549209799869273,-0.5239461065295048,0.6134929685029382,-0.6309212321292423,0.5533336095084012,
0.22018347061605215,-0.4831863938959451,-0.022406216102275556,0.30958097541770013,-0.5089740219534882,
-0.14962918319242235,0.39697723096434845,0.1905650676060502,0.08711373396527788,-0.6234159305700098,
0.19280051317329017,-0.842508411055104,-0.4831353353352843,-0.49301020891292,-0.7207703030040562,
0.3332784775400599,-0.08389339729528467,0.5920497448209923,0.48297311750154437,0.2971857999163181,
-0.040379842928113696,-0.3594754367430768,0.44109141151531905,-0.41364499184871395,-0.6786122484051424,
outputWeight:
-0.5994836471241967,0.809712488808306,-0.425914985727021,-0.04040425221100952,-0.37500590068691575,
1 2 3 4 5 6 7 8 9 10 11 12 13 14 15 16 17 18 19 20 21 22 23 24 25 26 27 28 29 30 31 32 33 34 35 36 37 38 39 40 41 42 43 44 45 46 47 48 49 50 51 52 53 54 55 56 57 58 59 60 61 62 63 64 65 66 67 68 69 70 71 72 73 74 75 76 77 78 79 80 81 82 83 84 85 86 87 88 89 90 91 92 93 94 95 96 97 98 99 100 
top in 14:3834,3837000
inputWeight:
0.16028266665425073,0.9866956998799827,0.3710534395113698,-0.03292207677619596,-0.7024446774431727,
0.25700162016758643,0.04820340440861148,-0.38659220987028164,0.2731522138800857,-0.7809356432659904,
0.2507306789215351,0.19897011984199198,0.8053566897354374,-0.6338433472859266,-0.39771878434659946,
0.3584497565821829,-0.29369261143500114,-0.3617039033473972,-0.9290724448995333,0.5758097468342549,
-0.15888187543489818,-0.9792612859849559,0.007328993872959266,0.3920992357653803,-0.9599994498363642,
-0.6252275303217714,-0.3367609688125215,0.8104044161822097,-0.10692261732084885,0.30549783436720723,
0.870046015388326,-0.5473693521612792,0.8575734990018997,-0.6287167241907601,0.057036451281017975,
-0.47719676838759284,0.6070722840933873,0.4395830808906036,-0.7109331844703424,-0.8684259228035851,
outputWeight:
0.6475506911169573,-0.058683855463547596,-0.24255123829203096,0.9937541245306707,0.42083590374401436,
1 2 3 4 5 6 7 8 9 10 11 12 13 14 15 16 17 18 19 20 21 22 23 24 25 26 27 28 29 30 31 32 33 34 35 36 37 38 39 40 41 42 43 44 45 46 47 48 49 50 51 52 53 54 55 56 57 58 59 60 61 62 63 64 65 66 67 68 69 70 71 72 73 74 75 76 77 78 79 80 81 82 83 84 85 86 87 88 89 90 91 92 93 94 95 96 97 98 99 100 
top in 15:3863,3866000
inputWeight:
0.5706179981844923,0.01844329633778674,0.48411237820126174,-0.5612843546029853,-0.3759235378303267,
-0.9188082385986553,-0.8781293583742957,0.19179708736212708,0.23717599470931972,0.31968258734289234,
0.3549209799869273,-0.5239461065295048,0.6134929685029382,-0.6309212321292423,0.5533336095084012,
0.22018347061605215,-0.4831863938959451,-0.022406216102275556,0.30958097541770013,-0.5089740219534882,
-0.14962918319242235,0.39697723096434845,0.1905650676060502,0.08711373396527788,-0.6234159305700098,
0.19280051317329017,-0.842508411055104,-0.4831353353352843,-0.49301020891292,-0.7207703030040562,
0.3332784775400599,-0.08389339729528467,0.5920497448209923,0.48297311750154437,0.2971857999163181,
-0.040379842928113696,-0.3594754367430768,0.44109141151531905,-0.41364499184871395,-0.6786122484051424,
outputWeight:
-0.5994836471241967,0.809712488808306,-0.425914985727021,-0.04040425221100952,-0.37500590068691575,
1 2 3 4 5 6 7 8 9 10 11 12 13 14 15 16 17 18 19 20 21 22 23 24 25 26 27 28 29 30 31 32 33 34 35 36 37 38 39 40 41 42 43 44 45 46 47 48 49 50 51 52 53 54 55 56 57 58 59 60 61 62 63 64 65 66 67 68 69 70 71 72 73 74 75 76 77 78 79 80 81 82 83 84 85 86 87 88 89 90 91 92 93 94 95 96 97 98 99 100 
top in 16:3861,3866000
inputWeight:
0.16028266665425073,0.9866956998799827,0.3710534395113698,-0.03292207677619596,-0.7024446774431727,
0.25700162016758643,0.04820340440861148,-0.38659220987028164,0.2731522138800857,-0.7809356432659904,
0.2507306789215351,0.19897011984199198,0.8053566897354374,-0.6338433472859266,-0.39771878434659946,
0.3584497565821829,-0.29369261143500114,-0.3617039033473972,-0.9290724448995333,0.5758097468342549,
-0.15888187543489818,-0.9792612859849559,0.007328993872959266,0.3920992357653803,-0.9599994498363642,
-0.6252275303217714,-0.3367609688125215,0.8104044161822097,-0.10692261732084885,0.30549783436720723,
0.870046015388326,-0.5473693521612792,0.8575734990018997,-0.6287167241907601,0.057036451281017975,
-0.47719676838759284,0.6070722840933873,0.4395830808906036,-0.7109331844703424,-0.8684259228035851,
outputWeight:
0.6475506911169573,-0.058683855463547596,-0.24255123829203096,0.9937541245306707,0.42083590374401436,
1 2 3 4 5 6 7 8 9 10 11 12 13 14 15 16 17 18 19 20 21 22 23 24 25 26 27 28 29 30 31 32 33 34 35 36 37 38 39 40 41 42 43 44 45 46 47 48 49 50 51 52 53 54 55 56 57 58 59 60 61 62 63 64 65 66 67 68 69 70 71 72 73 74 75 76 77 78 79 80 81 82 83 84 85 86 87 88 89 90 91 92 93 94 95 96 97 98 99 100 
top in 17:3951,3953000
inputWeight:
0.16028266665425073,0.9866956998799827,0.3710534395113698,-0.03292207677619596,-0.7024446774431727,
0.25700162016758643,0.04820340440861148,-0.38659220987028164,0.2731522138800857,-0.7809356432659904,
0.2507306789215351,0.19897011984199198,0.8053566897354374,-0.6338433472859266,-0.39771878434659946,
0.3584497565821829,-0.29369261143500114,-0.3617039033473972,-0.9290724448995333,0.5758097468342549,
-0.15888187543489818,-0.9792612859849559,0.007328993872959266,0.3920992357653803,-0.9599994498363642,
-0.6252275303217714,-0.3367609688125215,0.8104044161822097,-0.10692261732084885,0.30549783436720723,
0.870046015388326,-0.5473693521612792,0.8575734990018997,-0.6287167241907601,0.057036451281017975,
-0.47719676838759284,0.6070722840933873,0.4395830808906036,-0.7109331844703424,-0.8684259228035851,
outputWeight:
0.6475506911169573,-0.058683855463547596,-0.24255123829203096,0.9937541245306707,0.42083590374401436,
1 2 3 4 5 6 7 8 9 10 11 12 13 14 15 16 17 18 19 20 21 22 23 24 25 26 27 28 29 30 31 32 33 34 35 36 37 38 39 40 41 42 43 44 45 46 47 48 49 50 51 52 53 54 55 56 57 58 59 60 61 62 63 64 65 66 67 68 69 70 71 72 73 74 75 76 77 78 79 80 81 82 83 84 85 86 87 88 89 90 91 92 93 94 95 96 97 98 99 100 
top in 18:3906,3915000
inputWeight:
0.16028266665425073,0.9866956998799827,0.3710534395113698,-0.03292207677619596,-0.7024446774431727,
0.25700162016758643,0.04820340440861148,-0.38659220987028164,0.2731522138800857,-0.7809356432659904,
0.2507306789215351,0.19897011984199198,0.8053566897354374,-0.6338433472859266,-0.39771878434659946,
0.3584497565821829,-0.29369261143500114,-0.3617039033473972,-0.9290724448995333,0.5758097468342549,
-0.15888187543489818,-0.9792612859849559,0.007328993872959266,0.3920992357653803,-0.9599994498363642,
-0.6252275303217714,-0.3367609688125215,0.8104044161822097,-0.10692261732084885,0.30549783436720723,
0.870046015388326,-0.5473693521612792,0.8575734990018997,-0.6287167241907601,0.057036451281017975,
-0.47719676838759284,0.6070722840933873,0.4395830808906036,-0.7109331844703424,-0.8684259228035851,
outputWeight:
0.6475506911169573,-0.058683855463547596,-0.24255123829203096,0.9937541245306707,0.42083590374401436,
1 2 3 4 5 6 7 8 9 10 11 12 13 14 15 16 17 18 19 20 21 22 23 24 25 26 27 28 29 30 31 32 33 34 35 36 37 38 39 40 41 42 43 44 45 46 47 48 49 50 51 52 53 54 55 56 57 58 59 60 61 62 63 64 65 66 67 68 69 70 71 72 73 74 75 76 77 78 79 80 81 82 83 84 85 86 87 88 89 90 91 92 93 94 95 96 97 98 99 100 
top in 19:3845,3851000
inputWeight:
0.16028266665425073,0.9866956998799827,0.3710534395113698,-0.03292207677619596,-0.7024446774431727,
0.25700162016758643,0.04820340440861148,-0.38659220987028164,0.2731522138800857,-0.7809356432659904,
0.2507306789215351,0.19897011984199198,0.8053566897354374,-0.6338433472859266,-0.39771878434659946,
0.3584497565821829,-0.29369261143500114,-0.3617039033473972,-0.9290724448995333,0.5758097468342549,
-0.15888187543489818,-0.9792612859849559,0.007328993872959266,0.3920992357653803,-0.9599994498363642,
-0.6252275303217714,-0.3367609688125215,0.8104044161822097,-0.10692261732084885,0.30549783436720723,
0.870046015388326,-0.5473693521612792,0.8575734990018997,-0.6287167241907601,0.057036451281017975,
-0.47719676838759284,0.6070722840933873,0.4395830808906036,-0.7109331844703424,-0.8684259228035851,
outputWeight:
0.6475506911169573,-0.058683855463547596,-0.24255123829203096,0.9937541245306707,0.42083590374401436,
1 2 3 4 5 6 7 8 9 10 11 12 13 14 15 16 17 18 19 20 21 22 23 24 25 26 27 28 29 30 31 32 33 34 35 36 37 38 39 40 41 42 43 44 45 46 47 48 49 50 51 52 53 54 55 56 57 58 59 60 61 62 63 64 65 66 67 68 69 70 71 72 73 74 75 76 77 78 79 80 81 82 83 84 85 86 87 88 89 90 91 92 93 94 95 96 97 98 99 100 
top in 20:3893,3896000
inputWeight:
0.5706179981844923,0.01844329633778674,0.48411237820126174,-0.5612843546029853,-0.3759235378303267,
-0.9188082385986553,-0.8781293583742957,0.19179708736212708,0.23717599470931972,0.31968258734289234,
0.3549209799869273,-0.5239461065295048,0.6134929685029382,-0.6309212321292423,0.5533336095084012,
0.22018347061605215,-0.4831863938959451,-0.022406216102275556,0.30958097541770013,-0.5089740219534882,
-0.14962918319242235,0.39697723096434845,0.1905650676060502,0.08711373396527788,-0.6234159305700098,
0.19280051317329017,-0.842508411055104,-0.4831353353352843,-0.49301020891292,-0.7207703030040562,
0.3332784775400599,-0.08389339729528467,0.5920497448209923,0.48297311750154437,0.2971857999163181,
-0.040379842928113696,-0.3594754367430768,0.44109141151531905,-0.41364499184871395,-0.6786122484051424,
outputWeight:
-0.5994836471241967,0.809712488808306,-0.425914985727021,-0.04040425221100952,-0.37500590068691575,
1 2 3 4 5 6 7 8 9 10 11 12 13 14 15 16 17 18 19 20 21 22 23 24 25 26 27 28 29 30 31 32 33 34 35 36 37 38 39 40 41 42 43 44 45 46 47 48 49 50 51 52 53 54 55 56 57 58 59 60 61 62 63 64 65 66 67 68 69 70 71 72 73 74 75 76 77 78 79 80 81 82 83 84 85 86 87 88 89 90 91 92 93 94 95 96 97 98 99 100 
top in 21:3932,3936000
inputWeight:
0.16028266665425073,0.9866956998799827,0.3710534395113698,-0.03292207677619596,-0.7024446774431727,
0.25700162016758643,0.04820340440861148,-0.38659220987028164,0.2731522138800857,-0.7809356432659904,
0.2507306789215351,0.19897011984199198,0.8053566897354374,-0.6338433472859266,-0.39771878434659946,
0.3584497565821829,-0.29369261143500114,-0.3617039033473972,-0.9290724448995333,0.5758097468342549,
-0.15888187543489818,-0.9792612859849559,0.007328993872959266,0.3920992357653803,-0.9599994498363642,
-0.6252275303217714,-0.3367609688125215,0.8104044161822097,-0.10692261732084885,0.30549783436720723,
0.870046015388326,-0.5473693521612792,0.8575734990018997,-0.6287167241907601,0.057036451281017975,
-0.47719676838759284,0.6070722840933873,0.4395830808906036,-0.7109331844703424,-0.8684259228035851,
outputWeight:
0.6475506911169573,-0.058683855463547596,-0.24255123829203096,0.9937541245306707,0.42083590374401436,
1 2 3 4 5 6 7 8 9 10 11 12 13 14 15 16 17 18 19 20 21 22 23 24 25 26 27 28 29 30 31 32 33 34 35 36 37 38 39 40 41 42 43 44 45 46 47 48 49 50 51 52 53 54 55 56 57 58 59 60 61 62 63 64 65 66 67 68 69 70 71 72 73 74 75 76 77 78 79 80 81 82 83 84 85 86 87 88 89 90 91 92 93 94 95 96 97 98 99 100 
top in 22:3854,3859000
inputWeight:
0.5706179981844923,0.01844329633778674,0.48411237820126174,-0.5612843546029853,-0.3759235378303267,
-0.9188082385986553,-0.8781293583742957,0.19179708736212708,0.23717599470931972,0.31968258734289234,
0.3549209799869273,-0.5239461065295048,0.6134929685029382,-0.6309212321292423,0.5533336095084012,
0.22018347061605215,-0.4831863938959451,-0.022406216102275556,0.30958097541770013,-0.5089740219534882,
-0.14962918319242235,0.39697723096434845,0.1905650676060502,0.08711373396527788,-0.6234159305700098,
0.19280051317329017,-0.842508411055104,-0.4831353353352843,-0.49301020891292,-0.7207703030040562,
0.3332784775400599,-0.08389339729528467,0.5920497448209923,0.48297311750154437,0.2971857999163181,
-0.040379842928113696,-0.3594754367430768,0.44109141151531905,-0.41364499184871395,-0.6786122484051424,
outputWeight:
-0.5994836471241967,0.809712488808306,-0.425914985727021,-0.04040425221100952,-0.37500590068691575,
1 2 3 4 5 6 7 8 9 10 11 12 13 14 15 16 17 18 19 20 21 22 23 24 25 26 27 28 29 30 31 32 33 34 35 36 37 38 39 40 41 42 43 44 45 46 47 48 49 50 51 52 53 54 55 56 57 58 59 60 61 62 63 64 65 66 67 68 69 70 71 72 73 74 75 76 77 78 79 80 81 82 83 84 85 86 87 88 89 90 91 92 93 94 95 96 97 98 99 100 
top in 23:3930,3936000
inputWeight:
0.5706179981844923,0.01844329633778674,0.48411237820126174,-0.5612843546029853,-0.3759235378303267,
-0.9188082385986553,-0.8781293583742957,0.19179708736212708,0.23717599470931972,0.31968258734289234,
0.3549209799869273,-0.5239461065295048,0.6134929685029382,-0.6309212321292423,0.5533336095084012,
0.22018347061605215,-0.4831863938959451,-0.022406216102275556,0.30958097541770013,-0.5089740219534882,
-0.14962918319242235,0.39697723096434845,0.1905650676060502,0.08711373396527788,-0.6234159305700098,
0.19280051317329017,-0.842508411055104,-0.4831353353352843,-0.49301020891292,-0.7207703030040562,
0.3332784775400599,-0.08389339729528467,0.5920497448209923,0.48297311750154437,0.2971857999163181,
-0.040379842928113696,-0.3594754367430768,0.44109141151531905,-0.41364499184871395,-0.6786122484051424,
outputWeight:
-0.5994836471241967,0.809712488808306,-0.425914985727021,-0.04040425221100952,-0.37500590068691575,
1 2 3 4 5 6 7 8 9 10 11 12 13 14 15 16 17 18 19 20 21 22 23 24 25 26 27 28 29 30 31 32 33 34 35 36 37 38 39 40 41 42 43 44 45 46 47 48 49 50 51 52 53 54 55 56 57 58 59 60 61 62 63 64 65 66 67 68 69 70 71 72 73 74 75 76 77 78 79 80 81 82 83 84 85 86 87 88 89 90 91 92 93 94 95 96 97 98 99 100 
top in 24:3808,3812000
inputWeight:
0.5706179981844923,0.01844329633778674,0.48411237820126174,-0.5612843546029853,-0.3759235378303267,
-0.9188082385986553,-0.8781293583742957,0.19179708736212708,0.23717599470931972,0.31968258734289234,
0.3549209799869273,-0.5239461065295048,0.6134929685029382,-0.6309212321292423,0.5533336095084012,
0.22018347061605215,-0.4831863938959451,-0.022406216102275556,0.30958097541770013,-0.5089740219534882,
-0.14962918319242235,0.39697723096434845,0.1905650676060502,0.08711373396527788,-0.6234159305700098,
0.19280051317329017,-0.842508411055104,-0.4831353353352843,-0.49301020891292,-0.7207703030040562,
0.3332784775400599,-0.08389339729528467,0.5920497448209923,0.48297311750154437,0.2971857999163181,
-0.040379842928113696,-0.3594754367430768,0.44109141151531905,-0.41364499184871395,-0.6786122484051424,
outputWeight:
-0.5994836471241967,0.809712488808306,-0.425914985727021,-0.04040425221100952,-0.37500590068691575,
1 2 3 4 5 6 7 8 9 10 11 12 13 14 15 16 17 18 19 20 21 22 23 24 25 26 27 28 29 30 31 32 33 34 35 36 37 38 39 40 41 42 43 44 45 46 47 48 49 50 51 52 53 54 55 56 57 58 59 60 61 62 63 64 65 66 67 68 69 70 71 72 73 74 75 76 77 78 79 80 81 82 83 84 85 86 87 88 89 90 91 92 93 94 95 96 97 98 99 100 
top in 25:3961,3968000
inputWeight:
0.16028266665425073,0.9866956998799827,0.3710534395113698,-0.03292207677619596,-0.7024446774431727,
0.25700162016758643,0.04820340440861148,-0.38659220987028164,0.2731522138800857,-0.7809356432659904,
0.2507306789215351,0.19897011984199198,0.8053566897354374,-0.6338433472859266,-0.39771878434659946,
0.3584497565821829,-0.29369261143500114,-0.3617039033473972,-0.9290724448995333,0.5758097468342549,
-0.15888187543489818,-0.9792612859849559,0.007328993872959266,0.3920992357653803,-0.9599994498363642,
-0.6252275303217714,-0.3367609688125215,0.8104044161822097,-0.10692261732084885,0.30549783436720723,
0.870046015388326,-0.5473693521612792,0.8575734990018997,-0.6287167241907601,0.057036451281017975,
-0.47719676838759284,0.6070722840933873,0.4395830808906036,-0.7109331844703424,-0.8684259228035851,
outputWeight:
0.6475506911169573,-0.058683855463547596,-0.24255123829203096,0.9937541245306707,0.42083590374401436,
1 2 3 4 5 6 7 8 9 10 11 12 13 14 15 16 17 18 19 20 21 22 23 24 25 26 27 28 29 30 31 32 33 34 35 36 37 38 39 40 41 42 43 44 45 46 47 48 49 50 51 52 53 54 55 56 57 58 59 60 61 62 63 64 65 66 67 68 69 70 71 72 73 74 75 76 77 78 79 80 81 82 83 84 85 86 87 88 89 90 91 92 93 94 95 96 97 98 99 100 
top in 26:3923,3928000
inputWeight:
-0.16426532539483407,-0.4467761602275675,-0.15704283994042156,0.8137084382597151,-0.3605273214614584,
0.2643087991505184,0.6530597259529838,-0.502899385936133,-0.47070706047960087,-0.8374722028149011,
0.04900743287302167,-0.5808085949526889,0.4912144066220785,-0.10861271667205985,0.7987208008284921,
0.07722911028094992,0.6311627760256373,0.3696416630202346,0.872485639754883,0.9456986304940738,
0.9263609895604343,-0.34392749118999855,0.8662303086209255,0.725386416874841,0.4140234202465214,
0.356202897779722,-0.06688445373998197,-0.16230794635117363,0.9316137833997635,0.32820832610524353,
0.3780727625145912,-0.36630490705567254,-0.6286353101570321,-0.4335905871453789,-0.4955792592455437,
0.7906735236569946,0.2958815120941727,-0.2367756333913369,-0.4077849276252188,0.8065452725791757,
outputWeight:
-0.9982959986040869,0.9541276856981995,0.7036722500438208,0.9353377186697573,0.6536102740502294,
1 2 3 4 5 6 7 8 9 10 11 12 13 14 15 16 17 18 19 20 21 22 23 24 25 26 27 28 29 30 31 32 33 34 35 36 37 38 39 40 41 42 43 44 45 46 47 48 49 50 51 52 53 54 55 56 57 58 59 60 61 62 63 64 65 66 67 68 69 70 71 72 73 74 75 76 77 78 79 80 81 82 83 84 85 86 87 88 89 90 91 92 93 94 95 96 97 98 99 100 
top in 27:3945,3948000
inputWeight:
0.16028266665425073,0.9866956998799827,0.3710534395113698,-0.03292207677619596,-0.7024446774431727,
0.25700162016758643,0.04820340440861148,-0.38659220987028164,0.2731522138800857,-0.7809356432659904,
0.2507306789215351,0.19897011984199198,0.8053566897354374,-0.6338433472859266,-0.39771878434659946,
0.3584497565821829,-0.29369261143500114,-0.3617039033473972,-0.9290724448995333,0.5758097468342549,
-0.15888187543489818,-0.9792612859849559,0.007328993872959266,0.3920992357653803,-0.9599994498363642,
-0.6252275303217714,-0.3367609688125215,0.8104044161822097,-0.10692261732084885,0.30549783436720723,
0.870046015388326,-0.5473693521612792,0.8575734990018997,-0.6287167241907601,0.057036451281017975,
-0.47719676838759284,0.6070722840933873,0.4395830808906036,-0.7109331844703424,-0.8684259228035851,
outputWeight:
0.6475506911169573,-0.058683855463547596,-0.24255123829203096,0.9937541245306707,0.42083590374401436,
1 2 3 4 5 6 7 8 9 10 11 12 13 14 15 16 17 18 19 20 21 22 23 24 25 26 27 28 29 30 31 32 33 34 35 36 37 38 39 40 41 42 43 44 45 46 47 48 49 50 51 52 53 54 55 56 57 58 59 60 61 62 63 64 65 66 67 68 69 70 71 72 73 74 75 76 77 78 79 80 81 82 83 84 85 86 87 88 89 90 91 92 93 94 95 96 97 98 99 100 
top in 28:3856,3864000
inputWeight:
0.16028266665425073,0.9866956998799827,0.3710534395113698,-0.03292207677619596,-0.7024446774431727,
0.25700162016758643,0.04820340440861148,-0.38659220987028164,0.2731522138800857,-0.7809356432659904,
0.2507306789215351,0.19897011984199198,0.8053566897354374,-0.6338433472859266,-0.39771878434659946,
0.3584497565821829,-0.29369261143500114,-0.3617039033473972,-0.9290724448995333,0.5758097468342549,
-0.15888187543489818,-0.9792612859849559,0.007328993872959266,0.3920992357653803,-0.9599994498363642,
-0.6252275303217714,-0.3367609688125215,0.8104044161822097,-0.10692261732084885,0.30549783436720723,
0.870046015388326,-0.5473693521612792,0.8575734990018997,-0.6287167241907601,0.057036451281017975,
-0.47719676838759284,0.6070722840933873,0.4395830808906036,-0.7109331844703424,-0.8684259228035851,
outputWeight:
0.6475506911169573,-0.058683855463547596,-0.24255123829203096,0.9937541245306707,0.42083590374401436,
1 2 3 4 5 6 7 8 9 10 11 12 13 14 15 16 17 18 19 20 21 22 23 24 25 26 27 28 29 30 31 32 33 34 35 36 37 38 39 40 41 42 43 44 45 46 47 48 49 50 51 52 53 54 55 56 57 58 59 60 61 62 63 64 65 66 67 68 69 70 71 72 73 74 75 76 77 78 79 80 81 82 83 84 85 86 87 88 89 90 91 92 93 94 95 96 97 98 99 100 
top in 29:3842,3845000
inputWeight:
0.16028266665425073,0.9866956998799827,0.3710534395113698,-0.03292207677619596,-0.7024446774431727,
0.25700162016758643,0.04820340440861148,-0.38659220987028164,0.2731522138800857,-0.7809356432659904,
0.2507306789215351,0.19897011984199198,0.8053566897354374,-0.6338433472859266,-0.39771878434659946,
0.3584497565821829,-0.29369261143500114,-0.3617039033473972,-0.9290724448995333,0.5758097468342549,
-0.15888187543489818,-0.9792612859849559,0.007328993872959266,0.3920992357653803,-0.9599994498363642,
-0.6252275303217714,-0.3367609688125215,0.8104044161822097,-0.10692261732084885,0.30549783436720723,
0.870046015388326,-0.5473693521612792,0.8575734990018997,-0.6287167241907601,0.057036451281017975,
-0.47719676838759284,0.6070722840933873,0.4395830808906036,-0.7109331844703424,-0.8684259228035851,
outputWeight:
0.6475506911169573,-0.058683855463547596,-0.24255123829203096,0.9937541245306707,0.42083590374401436,
1 2 3 4 5 6 7 8 9 10 11 12 13 14 15 16 17 18 19 20 21 22 23 24 25 26 27 28 29 30 31 32 33 34 35 36 37 38 39 40 41 42 43 44 45 46 47 48 49 50 51 52 53 54 55 56 57 58 59 60 61 62 63 64 65 66 67 68 69 70 71 72 73 74 75 76 77 78 79 80 81 82 83 84 85 86 87 88 89 90 91 92 93 94 95 96 97 98 99 100 
top in 30:3856,3863000
inputWeight:
0.5706179981844923,0.01844329633778674,0.48411237820126174,-0.5612843546029853,-0.3759235378303267,
-0.9188082385986553,-0.8781293583742957,0.19179708736212708,0.23717599470931972,0.31968258734289234,
0.3549209799869273,-0.5239461065295048,0.6134929685029382,-0.6309212321292423,0.5533336095084012,
0.22018347061605215,-0.4831863938959451,-0.022406216102275556,0.30958097541770013,-0.5089740219534882,
-0.14962918319242235,0.39697723096434845,0.1905650676060502,0.08711373396527788,-0.6234159305700098,
0.19280051317329017,-0.842508411055104,-0.4831353353352843,-0.49301020891292,-0.7207703030040562,
0.3332784775400599,-0.08389339729528467,0.5920497448209923,0.48297311750154437,0.2971857999163181,
-0.040379842928113696,-0.3594754367430768,0.44109141151531905,-0.41364499184871395,-0.6786122484051424,
outputWeight:
-0.5994836471241967,0.809712488808306,-0.425914985727021,-0.04040425221100952,-0.37500590068691575,
1 2 3 4 5 6 7 8 9 10 11 12 13 14 15 16 17 18 19 20 21 22 23 24 25 26 27 28 29 30 31 32 33 34 35 36 37 38 39 40 41 42 43 44 45 46 47 48 49 50 51 52 53 54 55 56 57 58 59 60 61 62 63 64 65 66 67 68 69 70 71 72 73 74 75 76 77 78 79 80 81 82 83 84 85 86 87 88 89 90 91 92 93 94 95 96 97 98 99 100 
top in 31:3864,3869000
inputWeight:
0.16028266665425073,0.9866956998799827,0.3710534395113698,-0.03292207677619596,-0.7024446774431727,
0.25700162016758643,0.04820340440861148,-0.38659220987028164,0.2731522138800857,-0.7809356432659904,
0.2507306789215351,0.19897011984199198,0.8053566897354374,-0.6338433472859266,-0.39771878434659946,
0.3584497565821829,-0.29369261143500114,-0.3617039033473972,-0.9290724448995333,0.5758097468342549,
-0.15888187543489818,-0.9792612859849559,0.007328993872959266,0.3920992357653803,-0.9599994498363642,
-0.6252275303217714,-0.3367609688125215,0.8104044161822097,-0.10692261732084885,0.30549783436720723,
0.870046015388326,-0.5473693521612792,0.8575734990018997,-0.6287167241907601,0.057036451281017975,
-0.47719676838759284,0.6070722840933873,0.4395830808906036,-0.7109331844703424,-0.8684259228035851,
outputWeight:
0.6475506911169573,-0.058683855463547596,-0.24255123829203096,0.9937541245306707,0.42083590374401436,
1 2 3 4 5 6 7 8 9 10 11 12 13 14 15 16 17 18 19 20 21 22 23 24 25 26 27 28 29 30 31 32 33 34 35 36 37 38 39 40 41 42 43 44 45 46 47 48 49 50 51 52 53 54 55 56 57 58 59 60 61 62 63 64 65 66 67 68 69 70 71 72 73 74 75 76 77 78 79 80 81 82 83 84 85 86 87 88 89 90 91 92 93 94 95 96 97 98 99 100 
top in 32:3873,3874000
inputWeight:
0.16028266665425073,0.9866956998799827,0.3710534395113698,-0.03292207677619596,-0.7024446774431727,
0.25700162016758643,0.04820340440861148,-0.38659220987028164,0.2731522138800857,-0.7809356432659904,
0.2507306789215351,0.19897011984199198,0.8053566897354374,-0.6338433472859266,-0.39771878434659946,
0.3584497565821829,-0.29369261143500114,-0.3617039033473972,-0.9290724448995333,0.5758097468342549,
-0.15888187543489818,-0.9792612859849559,0.007328993872959266,0.3920992357653803,-0.9599994498363642,
-0.6252275303217714,-0.3367609688125215,0.8104044161822097,-0.10692261732084885,0.30549783436720723,
0.870046015388326,-0.5473693521612792,0.8575734990018997,-0.6287167241907601,0.057036451281017975,
-0.47719676838759284,0.6070722840933873,0.4395830808906036,-0.7109331844703424,-0.8684259228035851,
outputWeight:
0.6475506911169573,-0.058683855463547596,-0.24255123829203096,0.9937541245306707,0.42083590374401436,
1 2 3 4 5 6 7 8 9 10 11 12 13 14 15 16 17 18 19 20 21 22 23 24 25 26 27 28 29 30 31 32 33 34 35 36 37 38 39 40 41 42 43 44 45 46 47 48 49 50 51 52 53 54 55 56 57 58 59 60 61 62 63 64 65 66 67 68 69 70 71 72 73 74 75 76 77 78 79 80 81 82 83 84 85 86 87 88 89 90 91 92 93 94 95 96 97 98 99 100 
top in 33:3878,3882000
inputWeight:
0.16028266665425073,0.9866956998799827,0.3710534395113698,-0.03292207677619596,-0.7024446774431727,
0.25700162016758643,0.04820340440861148,-0.38659220987028164,0.2731522138800857,-0.7809356432659904,
0.2507306789215351,0.19897011984199198,0.8053566897354374,-0.6338433472859266,-0.39771878434659946,
0.3584497565821829,-0.29369261143500114,-0.3617039033473972,-0.9290724448995333,0.5758097468342549,
-0.15888187543489818,-0.9792612859849559,0.007328993872959266,0.3920992357653803,-0.9599994498363642,
-0.6252275303217714,-0.3367609688125215,0.8104044161822097,-0.10692261732084885,0.30549783436720723,
0.870046015388326,-0.5473693521612792,0.8575734990018997,-0.6287167241907601,0.057036451281017975,
-0.47719676838759284,0.6070722840933873,0.4395830808906036,-0.7109331844703424,-0.8684259228035851,
outputWeight:
0.6475506911169573,-0.058683855463547596,-0.24255123829203096,0.9937541245306707,0.42083590374401436,
1 2 3 4 5 6 7 8 9 10 11 12 13 14 15 16 17 18 19 20 21 22 23 24 25 26 27 28 29 30 31 32 33 34 35 36 37 38 39 40 41 42 43 44 45 46 47 48 49 50 51 52 53 54 55 56 57 58 59 60 61 62 63 64 65 66 67 68 69 70 71 72 73 74 75 76 77 78 79 80 81 82 83 84 85 86 87 88 89 90 91 92 93 94 95 96 97 98 99 100 
top in 34:3901,3904000
inputWeight:
0.16028266665425073,0.9866956998799827,0.3710534395113698,-0.03292207677619596,-0.7024446774431727,
0.25700162016758643,0.04820340440861148,-0.38659220987028164,0.2731522138800857,-0.7809356432659904,
0.2507306789215351,0.19897011984199198,0.8053566897354374,-0.6338433472859266,-0.39771878434659946,
0.3584497565821829,-0.29369261143500114,-0.3617039033473972,-0.9290724448995333,0.5758097468342549,
-0.15888187543489818,-0.9792612859849559,0.007328993872959266,0.3920992357653803,-0.9599994498363642,
-0.6252275303217714,-0.3367609688125215,0.8104044161822097,-0.10692261732084885,0.30549783436720723,
0.870046015388326,-0.5473693521612792,0.8575734990018997,-0.6287167241907601,0.057036451281017975,
-0.47719676838759284,0.6070722840933873,0.4395830808906036,-0.7109331844703424,-0.8684259228035851,
outputWeight:
0.6475506911169573,-0.058683855463547596,-0.24255123829203096,0.9937541245306707,0.42083590374401436,
1 2 3 4 5 6 7 8 9 10 11 12 13 14 15 16 17 18 19 20 21 22 23 24 25 26 27 28 29 30 31 32 33 34 35 36 37 38 39 40 41 42 43 44 45 46 47 48 49 50 51 52 53 54 55 56 57 58 59 60 61 62 63 64 65 66 67 68 69 70 71 72 73 74 75 76 77 78 79 80 81 82 83 84 85 86 87 88 89 90 91 92 93 94 95 96 97 98 99 100 
top in 35:3931,3935000
inputWeight:
0.16028266665425073,0.9866956998799827,0.3710534395113698,-0.03292207677619596,-0.7024446774431727,
0.25700162016758643,0.04820340440861148,-0.38659220987028164,0.2731522138800857,-0.7809356432659904,
0.2507306789215351,0.19897011984199198,0.8053566897354374,-0.6338433472859266,-0.39771878434659946,
0.3584497565821829,-0.29369261143500114,-0.3617039033473972,-0.9290724448995333,0.5758097468342549,
-0.15888187543489818,-0.9792612859849559,0.007328993872959266,0.3920992357653803,-0.9599994498363642,
-0.6252275303217714,-0.3367609688125215,0.8104044161822097,-0.10692261732084885,0.30549783436720723,
0.870046015388326,-0.5473693521612792,0.8575734990018997,-0.6287167241907601,0.057036451281017975,
-0.47719676838759284,0.6070722840933873,0.4395830808906036,-0.7109331844703424,-0.8684259228035851,
outputWeight:
0.6475506911169573,-0.058683855463547596,-0.24255123829203096,0.9937541245306707,0.42083590374401436,
1 2 3 4 5 6 7 8 9 10 11 12 13 14 15 16 17 18 19 20 21 22 23 24 25 26 27 28 29 30 31 32 33 34 35 36 37 38 39 40 41 42 43 44 45 46 47 48 49 50 51 52 53 54 55 56 57 58 59 60 61 62 63 64 65 66 67 68 69 70 71 72 73 74 75 76 77 78 79 80 81 82 83 84 85 86 87 88 89 90 91 92 93 94 95 96 97 98 99 100 
top in 36:3972,3981000
inputWeight:
-0.7657971770204632,-0.3119794841289967,0.6745740807245877,-0.019334127062941242,-0.6818974097607187,
0.4441505972969566,0.5669922683600062,-0.28037312313377405,-0.25395660175774437,-0.4292952174389375,
0.5914727647121176,0.6117205691826888,0.37903288628066534,-0.8628542747247356,0.048401340003921156,
-0.7597034459644678,-0.863760842296653,-0.20283901845851382,-0.7105058342270436,0.4104428342115738,
0.28829640734147866,0.1418522456957676,0.43416960561422435,0.24677282521153954,-0.03922045218829773,
0.046764015260576386,0.494206101507201,0.13745039115867153,-0.4085932602510194,0.013425388964145801,
0.9234090482108315,-0.740819371053417,0.020639684045631768,0.4471521775612908,-0.9857425129492081,
0.8842435196160685,0.34678078686532743,0.3931174230315406,-0.43766597688373654,-0.80196278324863,
outputWeight:
-0.9982959986040869,0.9541276856981995,0.7036722500438208,0.9353377186697573,0.6536102740502294,
1 2 3 4 5 6 7 8 9 10 11 12 13 14 15 16 17 18 19 20 21 22 23 24 25 26 27 28 29 30 31 32 33 34 35 36 37 38 39 40 41 42 43 44 45 46 47 48 49 50 51 52 53 54 55 56 57 58 59 60 61 62 63 64 65 66 67 68 69 70 71 72 73 74 75 76 77 78 79 80 81 82 83 84 85 86 87 88 89 90 91 92 93 94 95 96 97 98 99 100 
top in 37:3917,3920000
inputWeight:
0.16028266665425073,0.9866956998799827,0.3710534395113698,-0.03292207677619596,-0.7024446774431727,
0.25700162016758643,0.04820340440861148,-0.38659220987028164,0.2731522138800857,-0.7809356432659904,
0.2507306789215351,0.19897011984199198,0.8053566897354374,-0.6338433472859266,-0.39771878434659946,
0.3584497565821829,-0.29369261143500114,-0.3617039033473972,-0.9290724448995333,0.5758097468342549,
-0.15888187543489818,-0.9792612859849559,0.007328993872959266,0.3920992357653803,-0.9599994498363642,
-0.6252275303217714,-0.3367609688125215,0.8104044161822097,-0.10692261732084885,0.30549783436720723,
0.870046015388326,-0.5473693521612792,0.8575734990018997,-0.6287167241907601,0.057036451281017975,
-0.47719676838759284,0.6070722840933873,0.4395830808906036,-0.7109331844703424,-0.8684259228035851,
outputWeight:
0.6475506911169573,-0.058683855463547596,-0.24255123829203096,0.9937541245306707,0.42083590374401436,
1 2 3 4 5 6 7 8 9 10 11 12 13 14 15 16 17 18 19 20 21 22 23 24 25 26 27 28 29 30 31 32 33 34 35 36 37 38 39 40 41 42 43 44 45 46 47 48 49 50 51 52 53 54 55 56 57 58 59 60 61 62 63 64 65 66 67 68 69 70 71 72 73 74 75 76 77 78 79 80 81 82 83 84 85 86 87 88 89 90 91 92 93 94 95 96 97 98 99 100 
top in 38:3742,3746000
inputWeight:
0.16028266665425073,0.9866956998799827,0.3710534395113698,-0.03292207677619596,-0.7024446774431727,
0.25700162016758643,0.04820340440861148,-0.38659220987028164,0.2731522138800857,-0.7809356432659904,
0.2507306789215351,0.19897011984199198,0.8053566897354374,-0.6338433472859266,-0.39771878434659946,
0.3584497565821829,-0.29369261143500114,-0.3617039033473972,-0.9290724448995333,0.5758097468342549,
-0.15888187543489818,-0.9792612859849559,0.007328993872959266,0.3920992357653803,-0.9599994498363642,
-0.6252275303217714,-0.3367609688125215,0.8104044161822097,-0.10692261732084885,0.30549783436720723,
0.870046015388326,-0.5473693521612792,0.8575734990018997,-0.6287167241907601,0.057036451281017975,
-0.47719676838759284,0.6070722840933873,0.4395830808906036,-0.7109331844703424,-0.8684259228035851,
outputWeight:
0.6475506911169573,-0.058683855463547596,-0.24255123829203096,0.9937541245306707,0.42083590374401436,
1 2 3 4 5 6 7 8 9 10 11 12 13 14 15 16 17 18 19 20 21 22 23 24 25 26 27 28 29 30 31 32 33 34 35 36 37 38 39 40 41 42 43 44 45 46 47 48 49 50 51 52 53 54 55 56 57 58 59 60 61 62 63 64 65 66 67 68 69 70 71 72 73 74 75 76 77 78 79 80 81 82 83 84 85 86 87 88 89 90 91 92 93 94 95 96 97 98 99 100 
top in 39:3874,3881000
inputWeight:
0.16028266665425073,0.9866956998799827,0.3710534395113698,-0.03292207677619596,-0.7024446774431727,
0.25700162016758643,0.04820340440861148,-0.38659220987028164,0.2731522138800857,-0.7809356432659904,
0.2507306789215351,0.19897011984199198,0.8053566897354374,-0.6338433472859266,-0.39771878434659946,
0.3584497565821829,-0.29369261143500114,-0.3617039033473972,-0.9290724448995333,0.5758097468342549,
-0.15888187543489818,-0.9792612859849559,0.007328993872959266,0.3920992357653803,-0.9599994498363642,
-0.6252275303217714,-0.3367609688125215,0.8104044161822097,-0.10692261732084885,0.30549783436720723,
0.870046015388326,-0.5473693521612792,0.8575734990018997,-0.6287167241907601,0.057036451281017975,
-0.47719676838759284,0.6070722840933873,0.4395830808906036,-0.7109331844703424,-0.8684259228035851,
outputWeight:
0.6475506911169573,-0.058683855463547596,-0.24255123829203096,0.9937541245306707,0.42083590374401436,
1 2 3 4 5 6 7 8 9 10 11 12 13 14 15 16 17 18 19 20 21 22 23 24 25 26 27 28 29 30 31 32 33 34 35 36 37 38 39 40 41 42 43 44 45 46 47 48 49 50 51 52 53 54 55 56 57 58 59 60 61 62 63 64 65 66 67 68 69 70 71 72 73 74 75 76 77 78 79 80 81 82 83 84 85 86 87 88 89 90 91 92 93 94 95 96 97 98 99 100 
top in 40:3927,3936000
inputWeight:
0.16028266665425073,0.9866956998799827,0.3710534395113698,-0.03292207677619596,-0.7024446774431727,
0.25700162016758643,0.04820340440861148,-0.38659220987028164,0.2731522138800857,-0.7809356432659904,
0.2507306789215351,0.19897011984199198,0.8053566897354374,-0.6338433472859266,-0.39771878434659946,
0.3584497565821829,-0.29369261143500114,-0.3617039033473972,-0.9290724448995333,0.5758097468342549,
-0.15888187543489818,-0.9792612859849559,0.007328993872959266,0.3920992357653803,-0.9599994498363642,
-0.6252275303217714,-0.3367609688125215,0.8104044161822097,-0.10692261732084885,0.30549783436720723,
0.870046015388326,-0.5473693521612792,0.8575734990018997,-0.6287167241907601,0.057036451281017975,
-0.47719676838759284,0.6070722840933873,0.4395830808906036,-0.7109331844703424,-0.8684259228035851,
outputWeight:
0.6475506911169573,-0.058683855463547596,-0.24255123829203096,0.9937541245306707,0.42083590374401436,
1 2 3 4 5 6 7 8 9 10 11 12 13 14 15 16 17 18 19 20 21 22 23 24 25 26 27 28 29 30 31 32 33 34 35 36 37 38 39 40 41 42 43 44 45 46 47 48 49 50 51 52 53 54 55 56 57 58 59 60 61 62 63 64 65 66 67 68 69 70 71 72 73 74 75 76 77 78 79 80 81 82 83 84 85 86 87 88 89 90 91 92 93 94 95 96 97 98 99 100 
top in 41:3759,3764000
inputWeight:
0.16028266665425073,0.9866956998799827,0.3710534395113698,-0.03292207677619596,-0.7024446774431727,
0.25700162016758643,0.04820340440861148,-0.38659220987028164,0.2731522138800857,-0.7809356432659904,
0.2507306789215351,0.19897011984199198,0.8053566897354374,-0.6338433472859266,-0.39771878434659946,
0.3584497565821829,-0.29369261143500114,-0.3617039033473972,-0.9290724448995333,0.5758097468342549,
-0.15888187543489818,-0.9792612859849559,0.007328993872959266,0.3920992357653803,-0.9599994498363642,
-0.6252275303217714,-0.3367609688125215,0.8104044161822097,-0.10692261732084885,0.30549783436720723,
0.870046015388326,-0.5473693521612792,0.8575734990018997,-0.6287167241907601,0.057036451281017975,
-0.47719676838759284,0.6070722840933873,0.4395830808906036,-0.7109331844703424,-0.8684259228035851,
outputWeight:
0.6475506911169573,-0.058683855463547596,-0.24255123829203096,0.9937541245306707,0.42083590374401436,
1 2 3 4 5 6 7 8 9 10 11 12 13 14 15 16 17 18 19 20 21 22 23 24 25 26 27 28 29 30 31 32 33 34 35 36 37 38 39 40 41 42 43 44 45 46 47 48 49 50 51 52 53 54 55 56 57 58 59 60 61 62 63 64 65 66 67 68 69 70 71 72 73 74 75 76 77 78 79 80 81 82 83 84 85 86 87 88 89 90 91 92 93 94 95 96 97 98 99 100 
top in 42:3925,3934000
inputWeight:
0.16028266665425073,0.9866956998799827,0.3710534395113698,-0.03292207677619596,-0.7024446774431727,
0.25700162016758643,0.04820340440861148,-0.38659220987028164,0.2731522138800857,-0.7809356432659904,
0.2507306789215351,0.19897011984199198,0.8053566897354374,-0.6338433472859266,-0.39771878434659946,
0.3584497565821829,-0.29369261143500114,-0.3617039033473972,-0.9290724448995333,0.5758097468342549,
-0.15888187543489818,-0.9792612859849559,0.007328993872959266,0.3920992357653803,-0.9599994498363642,
-0.6252275303217714,-0.3367609688125215,0.8104044161822097,-0.10692261732084885,0.30549783436720723,
0.870046015388326,-0.5473693521612792,0.8575734990018997,-0.6287167241907601,0.057036451281017975,
-0.47719676838759284,0.6070722840933873,0.4395830808906036,-0.7109331844703424,-0.8684259228035851,
outputWeight:
0.6475506911169573,-0.058683855463547596,-0.24255123829203096,0.9937541245306707,0.42083590374401436,
1 2 3 4 5 6 7 8 9 10 11 12 13 14 15 16 17 18 19 20 21 22 23 24 25 26 27 28 29 30 31 32 33 34 35 36 37 38 39 40 41 42 43 44 45 46 47 48 49 50 51 52 53 54 55 56 57 58 59 60 61 62 63 64 65 66 67 68 69 70 71 72 73 74 75 76 77 78 79 80 81 82 83 84 85 86 87 88 89 90 91 92 93 94 95 96 97 98 99 100 
top in 43:3854,3864000
inputWeight:
0.16028266665425073,0.9866956998799827,0.3710534395113698,-0.03292207677619596,-0.7024446774431727,
0.25700162016758643,0.04820340440861148,-0.38659220987028164,0.2731522138800857,-0.7809356432659904,
0.2507306789215351,0.19897011984199198,0.8053566897354374,-0.6338433472859266,-0.39771878434659946,
0.3584497565821829,-0.29369261143500114,-0.3617039033473972,-0.9290724448995333,0.5758097468342549,
-0.15888187543489818,-0.9792612859849559,0.007328993872959266,0.3920992357653803,-0.9599994498363642,
-0.6252275303217714,-0.3367609688125215,0.8104044161822097,-0.10692261732084885,0.30549783436720723,
0.870046015388326,-0.5473693521612792,0.8575734990018997,-0.6287167241907601,0.057036451281017975,
-0.47719676838759284,0.6070722840933873,0.4395830808906036,-0.7109331844703424,-0.8684259228035851,
outputWeight:
0.6475506911169573,-0.058683855463547596,-0.24255123829203096,0.9937541245306707,0.42083590374401436,
1 2 3 4 5 6 7 8 9 10 11 12 13 14 15 16 17 18 19 20 21 22 23 24 25 26 27 28 29 30 31 32 33 34 35 36 37 38 39 40 41 42 43 44 45 46 47 48 49 50 51 52 53 54 55 56 57 58 59 60 61 62 63 64 65 66 67 68 69 70 71 72 73 74 75 76 77 78 79 80 81 82 83 84 85 86 87 88 89 90 91 92 93 94 95 96 97 98 99 100 
top in 44:3919,3920000
inputWeight:
0.16028266665425073,0.9866956998799827,0.3710534395113698,-0.03292207677619596,-0.7024446774431727,
0.25700162016758643,0.04820340440861148,-0.38659220987028164,0.2731522138800857,-0.7809356432659904,
0.2507306789215351,0.19897011984199198,0.8053566897354374,-0.6338433472859266,-0.39771878434659946,
0.3584497565821829,-0.29369261143500114,-0.3617039033473972,-0.9290724448995333,0.5758097468342549,
-0.15888187543489818,-0.9792612859849559,0.007328993872959266,0.3920992357653803,-0.9599994498363642,
-0.6252275303217714,-0.3367609688125215,0.8104044161822097,-0.10692261732084885,0.30549783436720723,
0.870046015388326,-0.5473693521612792,0.8575734990018997,-0.6287167241907601,0.057036451281017975,
-0.47719676838759284,0.6070722840933873,0.4395830808906036,-0.7109331844703424,-0.8684259228035851,
outputWeight:
0.6475506911169573,-0.058683855463547596,-0.24255123829203096,0.9937541245306707,0.42083590374401436,
1 2 3 4 5 6 7 8 9 10 11 12 13 14 15 16 17 18 19 20 21 22 23 24 25 26 27 28 29 30 31 32 33 34 35 36 37 38 39 40 41 42 43 44 45 46 47 48 49 50 51 52 53 54 55 56 57 58 59 60 61 62 63 64 65 66 67 68 69 70 71 72 73 74 75 76 77 78 79 80 81 82 83 84 85 86 87 88 89 90 91 92 93 94 95 96 97 98 99 100 
top in 45:3754,3756000
inputWeight:
0.16028266665425073,0.9866956998799827,0.3710534395113698,-0.03292207677619596,-0.7024446774431727,
0.25700162016758643,0.04820340440861148,-0.38659220987028164,0.2731522138800857,-0.7809356432659904,
0.2507306789215351,0.19897011984199198,0.8053566897354374,-0.6338433472859266,-0.39771878434659946,
0.3584497565821829,-0.29369261143500114,-0.3617039033473972,-0.9290724448995333,0.5758097468342549,
-0.15888187543489818,-0.9792612859849559,0.007328993872959266,0.3920992357653803,-0.9599994498363642,
-0.6252275303217714,-0.3367609688125215,0.8104044161822097,-0.10692261732084885,0.30549783436720723,
0.870046015388326,-0.5473693521612792,0.8575734990018997,-0.6287167241907601,0.057036451281017975,
-0.47719676838759284,0.6070722840933873,0.4395830808906036,-0.7109331844703424,-0.8684259228035851,
outputWeight:
0.6475506911169573,-0.058683855463547596,-0.24255123829203096,0.9937541245306707,0.42083590374401436,
1 2 3 4 5 6 7 8 9 10 11 12 13 14 15 16 17 18 19 20 21 22 23 24 25 26 27 28 29 30 31 32 33 34 35 36 37 38 39 40 41 42 43 44 45 46 47 48 49 50 51 52 53 54 55 56 57 58 59 60 61 62 63 64 65 66 67 68 69 70 71 72 73 74 75 76 77 78 79 80 81 82 83 84 85 86 87 88 89 90 91 92 93 94 95 96 97 98 99 100 
top in 46:3904,3910000
inputWeight:
0.16028266665425073,0.9866956998799827,0.3710534395113698,-0.03292207677619596,-0.7024446774431727,
0.25700162016758643,0.04820340440861148,-0.38659220987028164,0.2731522138800857,-0.7809356432659904,
0.2507306789215351,0.19897011984199198,0.8053566897354374,-0.6338433472859266,-0.39771878434659946,
0.3584497565821829,-0.29369261143500114,-0.3617039033473972,-0.9290724448995333,0.5758097468342549,
-0.15888187543489818,-0.9792612859849559,0.007328993872959266,0.3920992357653803,-0.9599994498363642,
-0.6252275303217714,-0.3367609688125215,0.8104044161822097,-0.10692261732084885,0.30549783436720723,
0.870046015388326,-0.5473693521612792,0.8575734990018997,-0.6287167241907601,0.057036451281017975,
-0.47719676838759284,0.6070722840933873,0.4395830808906036,-0.7109331844703424,-0.8684259228035851,
outputWeight:
0.6475506911169573,-0.058683855463547596,-0.24255123829203096,0.9937541245306707,0.42083590374401436,
1 2 3 4 5 6 7 8 9 10 11 12 13 14 15 16 17 18 19 20 21 22 23 24 25 26 27 28 29 30 31 32 33 34 35 36 37 38 39 40 41 42 43 44 45 46 47 48 49 50 51 52 53 54 55 56 57 58 59 60 61 62 63 64 65 66 67 68 69 70 71 72 73 74 75 76 77 78 79 80 81 82 83 84 85 86 87 88 89 90 91 92 93 94 95 96 97 98 99 100 
top in 47:3865,3870000
inputWeight:
0.16028266665425073,0.9866956998799827,0.3710534395113698,-0.03292207677619596,-0.7024446774431727,
0.25700162016758643,0.04820340440861148,-0.38659220987028164,0.2731522138800857,-0.7809356432659904,
0.2507306789215351,0.19897011984199198,0.8053566897354374,-0.6338433472859266,-0.39771878434659946,
0.3584497565821829,-0.29369261143500114,-0.3617039033473972,-0.9290724448995333,0.5758097468342549,
-0.15888187543489818,-0.9792612859849559,0.007328993872959266,0.3920992357653803,-0.9599994498363642,
-0.6252275303217714,-0.3367609688125215,0.8104044161822097,-0.10692261732084885,0.30549783436720723,
0.870046015388326,-0.5473693521612792,0.8575734990018997,-0.6287167241907601,0.057036451281017975,
-0.47719676838759284,0.6070722840933873,0.4395830808906036,-0.7109331844703424,-0.8684259228035851,
outputWeight:
0.6475506911169573,-0.058683855463547596,-0.24255123829203096,0.9937541245306707,0.42083590374401436,
1 2 3 4 5 6 7 8 9 10 11 12 13 14 15 16 17 18 19 20 21 22 23 24 25 26 27 28 29 30 31 32 33 34 35 36 37 38 39 40 41 42 43 44 45 46 47 48 49 50 51 52 53 54 55 56 57 58 59 60 61 62 63 64 65 66 67 68 69 70 71 72 73 74 75 76 77 78 79 80 81 82 83 84 85 86 87 88 89 90 91 92 93 94 95 96 97 98 99 100 
top in 48:3879,3881000
inputWeight:
0.16028266665425073,0.9866956998799827,0.3710534395113698,-0.03292207677619596,-0.7024446774431727,
0.25700162016758643,0.04820340440861148,-0.38659220987028164,0.2731522138800857,-0.7809356432659904,
0.2507306789215351,0.19897011984199198,0.8053566897354374,-0.6338433472859266,-0.39771878434659946,
0.3584497565821829,-0.29369261143500114,-0.3617039033473972,-0.9290724448995333,0.5758097468342549,
-0.15888187543489818,-0.9792612859849559,0.007328993872959266,0.3920992357653803,-0.9599994498363642,
-0.6252275303217714,-0.3367609688125215,0.8104044161822097,-0.10692261732084885,0.30549783436720723,
0.870046015388326,-0.5473693521612792,0.8575734990018997,-0.6287167241907601,0.057036451281017975,
-0.47719676838759284,0.6070722840933873,0.4395830808906036,-0.7109331844703424,-0.8684259228035851,
outputWeight:
0.6475506911169573,-0.058683855463547596,-0.24255123829203096,0.9937541245306707,0.42083590374401436,
1 2 3 4 5 6 7 8 9 10 11 12 13 14 15 16 17 18 19 20 21 22 23 24 25 26 27 28 29 30 31 32 33 34 35 36 37 38 39 40 41 42 43 44 45 46 47 48 49 50 51 52 53 54 55 56 57 58 59 60 61 62 63 64 65 66 67 68 69 70 71 72 73 74 75 76 77 78 79 80 81 82 83 84 85 86 87 88 89 90 91 92 93 94 95 96 97 98 99 100 
top in 49:3933,3936000
inputWeight:
0.16028266665425073,0.9866956998799827,0.3710534395113698,-0.03292207677619596,-0.7024446774431727,
0.25700162016758643,0.04820340440861148,-0.38659220987028164,0.2731522138800857,-0.7809356432659904,
0.2507306789215351,0.19897011984199198,0.8053566897354374,-0.6338433472859266,-0.39771878434659946,
0.3584497565821829,-0.29369261143500114,-0.3617039033473972,-0.9290724448995333,0.5758097468342549,
-0.15888187543489818,-0.9792612859849559,0.007328993872959266,0.3920992357653803,-0.9599994498363642,
-0.6252275303217714,-0.3367609688125215,0.8104044161822097,-0.10692261732084885,0.30549783436720723,
0.870046015388326,-0.5473693521612792,0.8575734990018997,-0.6287167241907601,0.057036451281017975,
-0.47719676838759284,0.6070722840933873,0.4395830808906036,-0.7109331844703424,-0.8684259228035851,
outputWeight:
0.6475506911169573,-0.058683855463547596,-0.24255123829203096,0.9937541245306707,0.42083590374401436,
1 2 3 4 5 6 7 8 9 10 11 12 13 14 15 16 17 18 19 20 21 22 23 24 25 26 27 28 29 30 31 32 33 34 35 36 37 38 39 40 41 42 43 44 45 46 47 48 49 50 51 52 53 54 55 56 57 58 59 60 61 62 63 64 65 66 67 68 69 70 71 72 73 74 75 76 77 78 79 80 81 82 83 84 85 86 87 88 89 90 91 92 93 94 95 96 97 98 99 100 
top in 50:3903,3905000
inputWeight:
0.16028266665425073,0.9866956998799827,0.3710534395113698,-0.03292207677619596,-0.7024446774431727,
0.25700162016758643,0.04820340440861148,-0.38659220987028164,0.2731522138800857,-0.7809356432659904,
0.2507306789215351,0.19897011984199198,0.8053566897354374,-0.6338433472859266,-0.39771878434659946,
0.3584497565821829,-0.29369261143500114,-0.3617039033473972,-0.9290724448995333,0.5758097468342549,
-0.15888187543489818,-0.9792612859849559,0.007328993872959266,0.3920992357653803,-0.9599994498363642,
-0.6252275303217714,-0.3367609688125215,0.8104044161822097,-0.10692261732084885,0.30549783436720723,
0.870046015388326,-0.5473693521612792,0.8575734990018997,-0.6287167241907601,0.057036451281017975,
-0.47719676838759284,0.6070722840933873,0.4395830808906036,-0.7109331844703424,-0.8684259228035851,
outputWeight:
0.6475506911169573,-0.058683855463547596,-0.24255123829203096,0.9937541245306707,0.42083590374401436,
1 2 3 4 5 6 7 8 9 10 11 12 13 14 15 16 17 18 19 20 21 22 23 24 25 26 27 28 29 30 31 32 33 34 35 36 37 38 39 40 41 42 43 44 45 46 47 48 49 50 51 52 53 54 55 56 57 58 59 60 61 62 63 64 65 66 67 68 69 70 71 72 73 74 75 76 77 78 79 80 81 82 83 84 85 86 87 88 89 90 91 92 93 94 95 96 97 98 99 100 
top in 51:3947,3950000
inputWeight:
0.16028266665425073,0.9866956998799827,0.3710534395113698,-0.03292207677619596,-0.7024446774431727,
0.25700162016758643,0.04820340440861148,-0.38659220987028164,0.2731522138800857,-0.7809356432659904,
0.2507306789215351,0.19897011984199198,0.8053566897354374,-0.6338433472859266,-0.39771878434659946,
0.3584497565821829,-0.29369261143500114,-0.3617039033473972,-0.9290724448995333,0.5758097468342549,
-0.15888187543489818,-0.9792612859849559,0.007328993872959266,0.3920992357653803,-0.9599994498363642,
-0.6252275303217714,-0.3367609688125215,0.8104044161822097,-0.10692261732084885,0.30549783436720723,
0.870046015388326,-0.5473693521612792,0.8575734990018997,-0.6287167241907601,0.057036451281017975,
-0.47719676838759284,0.6070722840933873,0.4395830808906036,-0.7109331844703424,-0.8684259228035851,
outputWeight:
0.6475506911169573,-0.058683855463547596,-0.24255123829203096,0.9937541245306707,0.42083590374401436,
1 2 3 4 5 6 7 8 9 10 11 12 13 14 15 16 17 18 19 20 21 22 23 24 25 26 27 28 29 30 31 32 33 34 35 36 37 38 39 40 41 42 43 44 45 46 47 48 49 50 51 52 53 54 55 56 57 58 59 60 61 62 63 64 65 66 67 68 69 70 71 72 73 74 75 76 77 78 79 80 81 82 83 84 85 86 87 88 89 90 91 92 93 94 95 96 97 98 99 100 
top in 52:3841,3847000
inputWeight:
0.16028266665425073,0.9866956998799827,0.3710534395113698,-0.03292207677619596,-0.7024446774431727,
0.25700162016758643,0.04820340440861148,-0.38659220987028164,0.2731522138800857,-0.7809356432659904,
0.2507306789215351,0.19897011984199198,0.8053566897354374,-0.6338433472859266,-0.39771878434659946,
0.3584497565821829,-0.29369261143500114,-0.3617039033473972,-0.9290724448995333,0.5758097468342549,
-0.15888187543489818,-0.9792612859849559,0.007328993872959266,0.3920992357653803,-0.9599994498363642,
-0.6252275303217714,-0.3367609688125215,0.8104044161822097,-0.10692261732084885,0.30549783436720723,
0.870046015388326,-0.5473693521612792,0.8575734990018997,-0.6287167241907601,0.057036451281017975,
-0.47719676838759284,0.6070722840933873,0.4395830808906036,-0.7109331844703424,-0.8684259228035851,
outputWeight:
0.6475506911169573,-0.058683855463547596,-0.24255123829203096,0.9937541245306707,0.42083590374401436,
1 2 3 4 5 6 7 8 9 10 11 12 13 14 15 16 17 18 19 20 21 22 23 24 25 26 27 28 29 30 31 32 33 34 35 36 37 38 39 40 41 42 43 44 45 46 47 48 49 50 51 52 53 54 55 56 57 58 59 60 61 62 63 64 65 66 67 68 69 70 71 72 73 74 75 76 77 78 79 80 81 82 83 84 85 86 87 88 89 90 91 92 93 94 95 96 97 98 99 100 
top in 53:3919,3928000
inputWeight:
0.16028266665425073,0.9866956998799827,0.3710534395113698,-0.03292207677619596,-0.7024446774431727,
0.25700162016758643,0.04820340440861148,-0.38659220987028164,0.2731522138800857,-0.7809356432659904,
0.2507306789215351,0.19897011984199198,0.8053566897354374,-0.6338433472859266,-0.39771878434659946,
0.3584497565821829,-0.29369261143500114,-0.3617039033473972,-0.9290724448995333,0.5758097468342549,
-0.15888187543489818,-0.9792612859849559,0.007328993872959266,0.3920992357653803,-0.9599994498363642,
-0.6252275303217714,-0.3367609688125215,0.8104044161822097,-0.10692261732084885,0.30549783436720723,
0.870046015388326,-0.5473693521612792,0.8575734990018997,-0.6287167241907601,0.057036451281017975,
-0.47719676838759284,0.6070722840933873,0.4395830808906036,-0.7109331844703424,-0.8684259228035851,
outputWeight:
0.6475506911169573,-0.058683855463547596,-0.24255123829203096,0.9937541245306707,0.42083590374401436,
1 2 3 4 5 6 7 8 9 10 11 12 13 14 15 16 17 18 19 20 21 22 23 24 25 26 27 28 29 30 31 32 33 34 35 36 37 38 39 40 41 42 43 44 45 46 47 48 49 50 51 52 53 54 55 56 57 58 59 60 61 62 63 64 65 66 67 68 69 70 71 72 73 74 75 76 77 78 79 80 81 82 83 84 85 86 87 88 89 90 91 92 93 94 95 96 97 98 99 100 
top in 54:3937,3939000
inputWeight:
-0.7088747786160128,0.9759489850761951,-0.6938214707664527,0.1399016995715705,0.7653381686331819,
-0.07360775457851876,0.06322459143506598,0.6503916649399477,-0.7913366669233146,-0.4508116189213005,
-0.5344549578764723,-0.7751154232546509,0.5947185919253977,0.17810512577329707,-0.710643736300872,
-0.9619531413503448,-0.9388122164210715,0.24604759511788776,0.5581457658649869,-0.28011890980101595,
0.6865148477770888,-0.12284198112010003,-0.8559718237925111,0.18924653184899798,-0.9611785885846003,
-0.4432534929591312,-0.3802842252613685,-0.08966742975027953,-0.8915471363651286,0.3040050819116624,
0.45820813106016445,-0.535348754627335,-0.5645508421325645,0.7864425537490121,0.02593550213294349,
-0.2982685280543973,-0.5436014628278771,-0.27009434724157555,0.1424549869162186,-0.3473035366493855,
outputWeight:
-0.9982959986040869,0.9541276856981995,0.7036722500438208,0.9353377186697573,0.6536102740502294,
1 2 3 4 5 6 7 8 9 10 11 12 13 14 15 16 17 18 19 20 21 22 23 24 25 26 27 28 29 30 31 32 33 34 35 36 37 38 39 40 41 42 43 44 45 46 47 48 49 50 51 52 53 54 55 56 57 58 59 60 61 62 63 64 65 66 67 68 69 70 71 72 73 74 75 76 77 78 79 80 81 82 83 84 85 86 87 88 89 90 91 92 93 94 95 96 97 98 99 100 
top in 55:3903,3909000
inputWeight:
0.16028266665425073,0.9866956998799827,0.3710534395113698,-0.03292207677619596,-0.7024446774431727,
0.25700162016758643,0.04820340440861148,-0.38659220987028164,0.2731522138800857,-0.7809356432659904,
0.2507306789215351,0.19897011984199198,0.8053566897354374,-0.6338433472859266,-0.39771878434659946,
0.3584497565821829,-0.29369261143500114,-0.3617039033473972,-0.9290724448995333,0.5758097468342549,
-0.15888187543489818,-0.9792612859849559,0.007328993872959266,0.3920992357653803,-0.9599994498363642,
-0.6252275303217714,-0.3367609688125215,0.8104044161822097,-0.10692261732084885,0.30549783436720723,
0.870046015388326,-0.5473693521612792,0.8575734990018997,-0.6287167241907601,0.057036451281017975,
-0.47719676838759284,0.6070722840933873,0.4395830808906036,-0.7109331844703424,-0.8684259228035851,
outputWeight:
0.6475506911169573,-0.058683855463547596,-0.24255123829203096,0.9937541245306707,0.42083590374401436,
1 2 3 4 5 6 7 8 9 10 11 12 13 14 15 16 17 18 19 20 21 22 23 24 25 26 27 28 29 30 31 32 33 34 35 36 37 38 39 40 41 42 43 44 45 46 47 48 49 50 51 52 53 54 55 56 57 58 59 60 61 62 63 64 65 66 67 68 69 70 71 72 73 74 75 76 77 78 79 80 81 82 83 84 85 86 87 88 89 90 91 92 93 94 95 96 97 98 99 100 
top in 56:3883,3886000
inputWeight:
0.16028266665425073,0.9866956998799827,0.3710534395113698,-0.03292207677619596,-0.7024446774431727,
0.25700162016758643,0.04820340440861148,-0.38659220987028164,0.2731522138800857,-0.7809356432659904,
0.2507306789215351,0.19897011984199198,0.8053566897354374,-0.6338433472859266,-0.39771878434659946,
0.3584497565821829,-0.29369261143500114,-0.3617039033473972,-0.9290724448995333,0.5758097468342549,
-0.15888187543489818,-0.9792612859849559,0.007328993872959266,0.3920992357653803,-0.9599994498363642,
-0.6252275303217714,-0.3367609688125215,0.8104044161822097,-0.10692261732084885,0.30549783436720723,
0.870046015388326,-0.5473693521612792,0.8575734990018997,-0.6287167241907601,0.057036451281017975,
-0.47719676838759284,0.6070722840933873,0.4395830808906036,-0.7109331844703424,-0.8684259228035851,
outputWeight:
0.6475506911169573,-0.058683855463547596,-0.24255123829203096,0.9937541245306707,0.42083590374401436,
1 2 3 4 5 6 7 8 9 10 11 12 13 14 15 16 17 18 19 20 21 22 23 24 25 26 27 28 29 30 31 32 33 34 35 36 37 38 39 40 41 42 43 44 45 46 47 48 49 50 51 52 53 54 55 56 57 58 59 60 61 62 63 64 65 66 67 68 69 70 71 72 73 74 75 76 77 78 79 80 81 82 83 84 85 86 87 88 89 90 91 92 93 94 95 96 97 98 99 100 
top in 57:3969,3971000
inputWeight:
-0.12266201840440405,-0.6941798273971502,0.8691211727146086,-0.2912988322154677,-0.4091557247279738,
0.02496342901964521,-0.2545127350352483,-0.3210109480038632,0.6504463184304392,0.2776078160977622,
-0.058644422635248716,0.0878084187700574,-0.7066564516346687,-0.5772801220638923,-0.20745628836707009,
-0.16896218000539154,-0.8660873470502088,0.9478730430425457,0.877938090747759,0.7847066308998387,
-0.6271603075956349,-0.9192370297933805,-0.3345105399442021,0.7172848769528042,-0.056378850185671014,
-0.6871074215316681,0.3218132250442618,-0.5114073476685745,-0.8378378432974518,0.7602726785920519,
0.29342069860673825,0.1482095741749605,-0.45904193058245757,-0.9522630254959827,-0.1754996747087989,
-0.6368677827506974,0.6537825547461897,-0.30432520146290876,-0.34056506046279345,0.013474611172626938,
outputWeight:
-0.9982959986040869,0.9541276856981995,0.7036722500438208,0.9353377186697573,0.6536102740502294,
1 2 3 4 5 6 7 8 9 10 11 12 13 14 15 16 17 18 19 20 21 22 23 24 25 26 27 28 29 30 31 32 33 34 35 36 37 38 39 40 41 42 43 44 45 46 47 48 49 50 51 52 53 54 55 56 57 58 59 60 61 62 63 64 65 66 67 68 69 70 71 72 73 74 75 76 77 78 79 80 81 82 83 84 85 86 87 88 89 90 91 92 93 94 95 96 97 98 99 100 
top in 58:3206,3208000
inputWeight:
0.5846721757512559,-0.2859292735209127,-0.8028926513374315,-0.7195862332939227,0.9028033855868915,
-0.4222571041563965,0.3143081278119819,-0.8269636844636141,-0.3457426446229961,-0.508101063388835,
0.25452914426177053,-0.09903789212217329,-0.46013027217951663,0.8535097676426573,0.07853770259169024,
0.7900127304858886,-0.8172230912059808,0.6672123527336178,0.4867524959298646,-0.3367918638898282,
0.374351285168369,0.6364553814738323,-0.3345105399442021,0.15645917985776525,0.6881276859534384,
0.9475074188961259,0.3218132250442618,-0.5637924790777309,-0.8378378432974518,0.7654881458240055,
-0.6778036044624376,0.7860568006762239,0.7358394428624611,0.09806286800565345,-0.5524425393418044,
-0.8737842822815833,0.4250245503922485,-0.6842213545216727,0.11448338221934362,0.5209269178632241,
outputWeight:
-0.9982959986040869,0.9541276856981995,0.7036722500438208,0.9353377186697573,0.6536102740502294,
1 2 3 4 5 6 7 8 9 10 11 12 13 14 15 16 17 18 19 20 21 22 23 24 25 26 27 28 29 30 31 32 33 34 35 36 37 38 39 40 41 42 43 44 45 46 47 48 49 50 51 52 53 54 55 56 57 58 59 60 61 62 63 64 65 66 67 68 69 70 71 72 73 74 75 76 77 78 79 80 81 82 83 84 85 86 87 88 89 90 91 92 93 94 95 96 97 98 99 100 
top in 59:1238,1241000
inputWeight:
0.5846721757512559,-0.452320873171131,-0.3077870918491965,0.4889106924264046,-0.49251311740660997,
-0.24963440981160834,0.4745733044793734,-0.5357359007997355,0.41554525954496135,-0.4632671618777213,
-0.0658383130066329,-0.516022812310382,-0.7909578478129551,0.07611014290692553,0.5986880611078882,
0.32403753136084346,-0.1953310017885046,-6.228377202233126E-5,-0.5891482528260517,0.9667491530761276,
-0.9252220164078322,0.634477497687596,-0.2917189978487249,-0.8438536563976631,-0.5700533260113425,
0.1340851635090634,0.55816419949157,-0.4133858260295902,0.3456375205620754,-0.41216193870983453,
0.5456017020829338,-0.5180505999658425,-0.26088794240102975,-0.48231652799563784,0.9320662092401513,
-0.24918660346352306,-0.5818486529690556,-0.25266434077153477,0.11448338221934362,-0.1390736354342863,
outputWeight:
-0.9982959986040869,0.9541276856981995,0.7036722500438208,0.9353377186697573,0.6536102740502294,
1 2 3 4 5 6 7 8 9 10 11 12 13 14 15 16 17 18 19 20 21 22 23 24 25 26 27 28 29 30 31 32 33 34 35 36 37 38 39 40 41 42 43 44 45 46 47 48 49 50 51 52 53 54 55 56 57 58 59 60 61 62 63 64 65 66 67 68 69 70 71 72 73 74 75 76 77 78 79 80 81 82 83 84 85 86 87 88 89 90 91 92 93 94 95 96 97 98 99 100 
top in 60:401,402000
inputWeight:
0.2555731966752768,-0.452320873171131,-0.10057121080524523,-0.17679634898605534,-0.4575365319631557,
-0.2986436616002308,0.16956242265021282,-0.27251170116103896,-0.022232204065397276,-0.014084208169748091,
-0.37296239446254287,0.4502749611051937,0.03729200667937138,0.8986219280974135,-0.37861922224051336,
0.5698187631472287,-0.1953310017885046,0.8789566403914342,0.524949008661006,0.9667491530761276,
0.3869307436149474,-0.6571842831823014,0.18519230564056643,0.404877336741424,-0.4883407886108775,
0.7309368012241417,-0.7046762964807842,0.9096764917846711,0.3456375205620754,-0.8024602070953475,
-0.5933304464024813,-0.5336482509806324,-0.5219170396040185,0.4370942781240228,0.4896716278664808,
0.44579318334295803,-0.617970907332442,-0.2759937614533077,-0.7148337207865463,0.5944510575030382,
outputWeight:
-0.9982959986040869,0.9541276856981995,0.7036722500438208,0.9353377186697573,0.6536102740502294,
1 2 3 4 5 6 7 8 9 10 11 12 13 14 15 16 17 18 19 20 21 22 23 24 25 26 27 28 29 30 31 32 33 34 35 36 37 38 39 40 41 42 43 44 45 46 47 48 49 50 51 52 53 54 55 56 57 58 59 60 61 62 63 64 65 66 67 68 69 70 71 72 73 74 75 76 77 78 79 80 81 82 83 84 85 86 87 88 89 90 91 92 93 94 95 96 97 98 99 100 
top in 61:3121,3127000
inputWeight:
-0.04735830706966104,-0.452320873171131,-0.18138162430974436,-0.5926210479703011,-0.4575365319631557,
0.9515135148632308,-0.33685422500884465,0.8668337796398902,-0.8484452606012503,0.7524937683181936,
0.45874041149552225,0.8831526769686178,0.2746113118385818,0.38991594346493463,-0.0018673147500900544,
0.4844498432299684,0.9722635794463839,-0.4208989304091044,-0.36810162063428575,0.8801081117562075,
0.047477044306492244,-0.5353943802173218,0.9059080394937717,-0.2908276789069735,-0.4883407886108775,
0.9040130301713074,-0.7046762964807842,-0.22099824582726568,-0.12979157549637121,-0.08513750016371335,
0.21687882257182411,-0.9474854629475575,0.3813591198017876,0.3169288958838634,0.6971113181179442,
0.2912404753609539,0.3633965354399429,0.35482401236122696,-0.8463266124331534,0.29773861197661766,
outputWeight:
-0.9982959986040869,0.9541276856981995,0.7036722500438208,0.9353377186697573,0.6536102740502294,
1 2 3 4 5 6 7 8 9 10 11 12 13 14 15 16 17 18 19 20 21 22 23 24 25 26 27 28 29 30 31 32 33 34 35 36 37 38 39 40 41 42 43 44 45 46 47 48 49 50 51 52 53 54 55 56 57 58 59 60 61 62 63 64 65 66 67 68 69 70 71 72 73 74 75 76 77 78 79 80 81 82 83 84 85 86 87 88 89 90 91 92 93 94 95 96 97 98 99 100 
top in 62:31,31000
inputWeight:
-0.8431582234917521,0.23683522405469226,0.9098201868957678,-0.5926210479703011,-0.4575365319631557,
-0.6027400370795959,-0.12912023702451858,-0.038686155758171026,0.5623026737582424,0.7524937683181936,
0.45874041149552225,0.9031024990794234,-0.4215509960858681,-0.21912042886623717,-0.0018673147500900544,
0.939894169560133,0.22694108577998562,0.5825958713976329,-0.7055989976196311,0.9751298815213916,
0.28222378212751376,0.525703878308498,0.21065742255021647,-0.22573336320909831,-0.6085948185239072,
-0.4438661614083288,0.8587154323909554,-0.21124793731559421,-0.9696545528393361,0.23800289079820192,
-0.5220239614756472,-0.3741293146661251,0.486018318396944,-0.40939308223002824,0.17698702492481644,
-0.9817969209031077,-0.3659781533910813,0.9216841391215189,0.6603289932618885,-0.3985642147696469,
outputWeight:
-0.9982959986040869,0.9541276856981995,0.7036722500438208,0.9353377186697573,0.6536102740502294,
1 2 3 4 5 6 7 8 9 10 11 12 13 14 15 16 17 18 19 20 21 22 23 24 25 26 27 28 29 30 31 32 33 34 35 36 37 38 39 40 41 42 43 44 45 46 47 48 49 50 51 52 53 54 55 56 57 58 59 60 61 62 63 64 65 66 67 68 69 70 71 72 73 74 75 76 77 78 79 80 81 82 83 84 85 86 87 88 89 90 91 92 93 94 95 96 97 98 99 100 
top in 63:366,372000
inputWeight:
0.9865940953848393,0.6622037485940597,0.9889062352727214,0.6969739129058581,0.8570702282164084,
0.8945902256779974,-0.9162245897622596,-0.038686155758171026,-0.545007414632799,0.561142665970773,
-0.39261311199664606,-0.21291511562556753,0.6258000668258847,-0.8848992557143953,0.16830297088294643,
0.5345440200967284,0.8733504827180767,0.5825958713976329,0.9897026423419466,-0.6695680251615386,
-0.39659307457851134,0.6659959619737503,0.1914731144659192,-0.7963889148936791,0.7079496700494394,
-0.7977926930744079,-0.8658615376057934,0.43092837872197487,0.15968212194803066,-0.7553866505281823,
0.04061279158439279,-0.44498042408022775,0.4443685345293942,-0.801690248557094,-0.14565029875930957,
0.2739105164411735,-0.3659781533910813,0.20442181858665576,-0.6408865728321531,0.11234978653159566,
outputWeight:
-0.9982959986040869,0.9541276856981995,0.7036722500438208,0.9353377186697573,0.6536102740502294,
1 2 3 4 5 6 7 8 9 10 11 12 13 14 15 16 17 18 19 20 21 22 23 24 25 26 27 28 29 30 31 32 33 34 35 36 37 38 39 40 41 42 43 44 45 46 47 48 49 50 51 52 53 54 55 56 57 58 59 60 61 62 63 64 65 66 67 68 69 70 71 72 73 74 75 76 77 78 79 80 81 82 83 84 85 86 87 88 89 90 91 92 93 94 95 96 97 98 99 100 
top in 64:3048,3050000
inputWeight:
0.49604230300183394,-0.374989503798975,-0.7288500372943374,-0.24792609343795635,-0.7552405223510503,
0.020107903867987442,-0.9162245897622596,0.03792701794484632,-0.545007414632799,-0.6979733814052975,
-0.19232533271224228,0.055894179083406215,-0.7305411402597515,-0.43125503259453524,-0.5200915511533808,
-0.8539016240796211,-0.25822943350741223,-0.5712991176389524,0.9201913071305121,0.7579315711017485,
0.21643047353317124,-0.8380433162009864,-0.5618732627957028,0.4204921339745593,0.8805848438833339,
0.5865500707056932,0.011529615534086934,0.2160399565431197,0.15968212194803066,-0.23623397017292636,
-0.8633076549438099,-0.821332163239197,-0.584608991411876,-0.41440986948236547,-0.22500989798872384,
0.5610003321800017,-0.7464290267223563,0.4721440069091758,-0.3445527460023543,-0.7677531907953941,
outputWeight:
-0.9982959986040869,0.9541276856981995,0.7036722500438208,0.9353377186697573,0.6536102740502294,
1 2 3 4 5 6 7 8 9 10 11 12 13 14 15 16 17 18 19 20 21 22 23 24 25 26 27 28 29 30 31 32 33 34 35 36 37 38 39 4