PS C:\Users\ohara\Documents\tetrisGUI\tetris> cd 'c:\Users\ohara\Documents\tetrisGUI\tetris'; & 'C:\Users\ohara\.vscode\extensions\vscjava.vscode-java-debug-0.24.0\scripts\launcher.bat' 'C:\Program Files (x86)\Java\jdk1.8.0_201\bin\java' '-Dfile.encoding=UTF-8' '-cp' 'C:\Users\ohara\AppData\Roaming\Code\User\workspaceStorage\220cef49605ff75c76cd8bf976923960\redhat.java\jdt_ws\tetris_67b3a234\bin' 'TetrisAITest' 
1 2 3 4 5 6 7 8 9 10 11 12 13 14 15 16 17 18 19 20 21 22 23 24 25 26 27 28 29 30 31 32 33 34 35 36 37 38 39 40 41 42 43 44 45 46 47 48 49 50 51 52 53 54 55 56 57 58 59 60 61 62 63 64 65 66 67 68 69 70 71 72 73 74 75 76 77 78 79 80 81 82 83 84 85 86 87 88 89 90 91 92 93 94 95 96 97 98 99 100 
top in firstGen:3866,3871000
inputWeight:
0.16028266665425073,0.9866956998799827,0.3710534395113698,-0.03292207677619596,-0.7024446774431727,
0.25700162016758643,0.04820340440861148,-0.38659220987028164,0.2731522138800857,-0.7809356432659904,
0.2507306789215351,0.19897011984199198,0.8053566897354374,-0.6338433472859266,-0.39771878434659946,
0.3584497565821829,-0.29369261143500114,-0.3617039033473972,-0.9290724448995333,0.5758097468342549,
-0.15888187543489818,-0.9792612859849559,0.007328993872959266,0.3920992357653803,-0.9599994498363642,
-0.6252275303217714,-0.3367609688125215,0.8104044161822097,-0.10692261732084885,0.30549783436720723,
0.870046015388326,-0.5473693521612792,0.8575734990018997,-0.6287167241907601,0.057036451281017975,
-0.47719676838759284,0.6070722840933873,0.4395830808906036,-0.7109331844703424,-0.8684259228035851,
outputWeight:
0.6475506911169573,-0.058683855463547596,-0.24255123829203096,0.9937541245306707,0.42083590374401436,
1 2 3 4 5 6 7 8 9 10 11 12 13 14 15 16 17 18 19 20 21 22 23 24 25 26 27 28 29 30 31 32 33 34 35 36 37 38 39 40 41 42 43 44 45 46 47 48 49 50 51 52 53 54 55 56 57 58 59 60 61 62 63 64 65 66 67 68 69 70 71 72 73 74 75 76 77 78 79 80 81 82 83 84 85 86 87 88 89 90 91 92 93 94 95 96 97 98 99 100 
top in 1:3874,3883000
inputWeight:
0.6585473486392901,-0.04233123102672409,-0.8595889918341657,-0.32387381461882514,0.8683828319582236,
-0.3468876780440482,-0.023695180612935074,-0.7983370559036334,0.7638725238783457,-0.7993766925646915,
0.23300362505195538,-0.8450510886975515,-0.6576552703775029,0.0742118559600693,0.4139363460958483,
0.9382937310091011,0.40535499076757153,-0.23270577627665356,-0.5225536180670998,-0.0017691039813609866,
-0.5579385097154563,0.9941529367417348,-0.7339955910631843,0.07183830422714044,0.836696632698344,
0.432290158467566,-0.3381390173215446,0.8137964222983693,0.07982319471782384,0.5603620112202417,
0.8988278868882353,0.10887096380725625,-0.8369379962760082,-0.3536180680001426,0.9598742440330539,
-0.12549176680333352,0.8369789285191578,0.4408795562726606,-0.5097741314603355,-0.3417700616639092,
outputWeight:
-0.8513775299467778,0.6499253395072322,0.5680223793545416,0.6214507320847087,-0.2196007733142482,
1 2 3 4 5 6 7 8 9 10 11 12 13 14 15 16 17 18 19 20 21 22 23 24 25 26 27 28 29 30 31 32 33 34 35 36 37 38 39 40 41 42 43 44 45 46 47 48 49 50 51 52 53 54 55 56 57 58 59 60 61 62 63 64 65 66 67 68 69 70 71 72 73 74 75 76 77 78 79 80 81 82 83 84 85 86 87 88 89 90 91 92 93 94 95 96 97 98 99 100 
top in 2:3883,3887000
inputWeight:
0.16028266665425073,0.9866956998799827,0.3710534395113698,-0.03292207677619596,-0.7024446774431727,
0.25700162016758643,0.04820340440861148,-0.38659220987028164,0.2731522138800857,-0.7809356432659904,
0.2507306789215351,0.19897011984199198,0.8053566897354374,-0.6338433472859266,-0.39771878434659946,
0.3584497565821829,-0.29369261143500114,-0.3617039033473972,-0.9290724448995333,0.5758097468342549,
-0.15888187543489818,-0.9792612859849559,0.007328993872959266,0.3920992357653803,-0.9599994498363642,
-0.6252275303217714,-0.3367609688125215,0.8104044161822097,-0.10692261732084885,0.30549783436720723,
0.870046015388326,-0.5473693521612792,0.8575734990018997,-0.6287167241907601,0.057036451281017975,
-0.47719676838759284,0.6070722840933873,0.4395830808906036,-0.7109331844703424,-0.8684259228035851,
outputWeight:
0.6475506911169573,-0.058683855463547596,-0.24255123829203096,0.9937541245306707,0.42083590374401436,
1 2 3 4 5 6 7 8 9 10 11 12 13 14 15 16 17 18 19 20 21 22 23 24 25 26 27 28 29 30 31 32 33 34 35 36 37 38 39 40 41 42 43 44 45 46 47 48 49 50 51 52 53 54 55 56 57 58 59 60 61 62 63 64 65 66 67 68 69 70 71 72 73 74 75 76 77 78 79 80 81 82 83 84 85 86 87 88 89 90 91 92 93 94 95 96 97 98 99 100 
top in 3:3848,3850000
inputWeight:
0.16028266665425073,0.9866956998799827,0.3710534395113698,-0.03292207677619596,-0.7024446774431727,
0.25700162016758643,0.04820340440861148,-0.38659220987028164,0.2731522138800857,-0.7809356432659904,
0.2507306789215351,0.19897011984199198,0.8053566897354374,-0.6338433472859266,-0.39771878434659946,
0.3584497565821829,-0.29369261143500114,-0.3617039033473972,-0.9290724448995333,0.5758097468342549,
-0.15888187543489818,-0.9792612859849559,0.007328993872959266,0.3920992357653803,-0.9599994498363642,
-0.6252275303217714,-0.3367609688125215,0.8104044161822097,-0.10692261732084885,0.30549783436720723,
0.870046015388326,-0.5473693521612792,0.8575734990018997,-0.6287167241907601,0.057036451281017975,
-0.47719676838759284,0.6070722840933873,0.4395830808906036,-0.7109331844703424,-0.8684259228035851,
outputWeight:
0.6475506911169573,-0.058683855463547596,-0.24255123829203096,0.9937541245306707,0.42083590374401436,
1 2 3 4 5 6 7 8 9 10 11 12 13 14 15 16 17 18 19 20 21 22 23 24 25 26 27 28 29 30 31 32 33 34 35 36 37 38 39 40 41 42 43 44 45 46 47 48 49 50 51 52 53 54 55 56 57 58 59 60 61 62 63 64 65 66 67 68 69 70 71 72 73 74 75 76 77 78 79 80 81 82 83 84 85 86 87 88 89 90 91 92 93 94 95 96 97 98 99 100 
top in 4:3892,3896000
inputWeight:
0.16028266665425073,0.9866956998799827,0.3710534395113698,-0.03292207677619596,-0.7024446774431727,
0.25700162016758643,0.04820340440861148,-0.38659220987028164,0.2731522138800857,-0.7809356432659904,
0.2507306789215351,0.19897011984199198,0.8053566897354374,-0.6338433472859266,-0.39771878434659946,
0.3584497565821829,-0.29369261143500114,-0.3617039033473972,-0.9290724448995333,0.5758097468342549,
-0.15888187543489818,-0.9792612859849559,0.007328993872959266,0.3920992357653803,-0.9599994498363642,
-0.6252275303217714,-0.3367609688125215,0.8104044161822097,-0.10692261732084885,0.30549783436720723,
0.870046015388326,-0.5473693521612792,0.8575734990018997,-0.6287167241907601,0.057036451281017975,
-0.47719676838759284,0.6070722840933873,0.4395830808906036,-0.7109331844703424,-0.8684259228035851,
outputWeight:
0.6475506911169573,-0.058683855463547596,-0.24255123829203096,0.9937541245306707,0.42083590374401436,
1 2 3 4 5 6 7 8 9 10 11 12 13 14 15 16 17 18 19 20 21 22 23 24 25 26 27 28 29 30 31 32 33 34 35 36 37 38 39 40 41 42 43 44 45 46 47 48 49 50 51 52 53 54 55 56 57 58 59 60 61 62 63 64 65 66 67 68 69 70 71 72 73 74 75 76 77 78 79 80 81 82 83 84 85 86 87 88 89 90 91 92 93 94 95 96 97 98 99 100 
top in 5:3890,3894000
inputWeight:
0.16028266665425073,0.9866956998799827,0.3710534395113698,-0.03292207677619596,-0.7024446774431727,
0.25700162016758643,0.04820340440861148,-0.38659220987028164,0.2731522138800857,-0.7809356432659904,
0.2507306789215351,0.19897011984199198,0.8053566897354374,-0.6338433472859266,-0.39771878434659946,
0.3584497565821829,-0.29369261143500114,-0.3617039033473972,-0.9290724448995333,0.5758097468342549,
-0.15888187543489818,-0.9792612859849559,0.007328993872959266,0.3920992357653803,-0.9599994498363642,
-0.6252275303217714,-0.3367609688125215,0.8104044161822097,-0.10692261732084885,0.30549783436720723,
0.870046015388326,-0.5473693521612792,0.8575734990018997,-0.6287167241907601,0.057036451281017975,
-0.47719676838759284,0.6070722840933873,0.4395830808906036,-0.7109331844703424,-0.8684259228035851,
outputWeight:
0.6475506911169573,-0.058683855463547596,-0.24255123829203096,0.9937541245306707,0.42083590374401436,
1 2 3 4 5 6 7 8 9 10 11 12 13 14 15 16 17 18 19 20 21 22 23 24 25 26 27 28 29 30 31 32 33 34 35 36 37 38 39 40 41 42 43 44 45 46 47 48 49 50 51 52 53 54 55 56 57 58 59 60 61 62 63 64 65 66 67 68 69 70 71 72 73 74 75 76 77 78 79 80 81 82 83 84 85 86 87 88 89 90 91 92 93 94 95 96 97 98 99 100 
top in 6:3905,3907000
inputWeight:
0.16028266665425073,0.9866956998799827,0.3710534395113698,-0.03292207677619596,-0.7024446774431727,
0.25700162016758643,0.04820340440861148,-0.38659220987028164,0.2731522138800857,-0.7809356432659904,
0.2507306789215351,0.19897011984199198,0.8053566897354374,-0.6338433472859266,-0.39771878434659946,
0.3584497565821829,-0.29369261143500114,-0.3617039033473972,-0.9290724448995333,0.5758097468342549,
-0.15888187543489818,-0.9792612859849559,0.007328993872959266,0.3920992357653803,-0.9599994498363642,
-0.6252275303217714,-0.3367609688125215,0.8104044161822097,-0.10692261732084885,0.30549783436720723,
0.870046015388326,-0.5473693521612792,0.8575734990018997,-0.6287167241907601,0.057036451281017975,
-0.47719676838759284,0.6070722840933873,0.4395830808906036,-0.7109331844703424,-0.8684259228035851,
outputWeight:
0.6475506911169573,-0.058683855463547596,-0.24255123829203096,0.9937541245306707,0.42083590374401436,
1 2 3 4 5 6 7 8 9 10 11 12 13 14 15 16 17 18 19 20 21 22 23 24 25 26 27 28 29 30 31 32 33 34 35 36 37 38 39 40 41 42 43 44 45 46 47 48 49 50 51 52 53 54 55 56 57 58 59 60 61 62 63 64 65 66 67 68 69 70 71 72 73 74 75 76 77 78 79 80 81 82 83 84 85 86 87 88 89 90 91 92 93 94 95 96 97 98 99 100 
top in 7:3875,3877000
inputWeight:
0.16028266665425073,0.9866956998799827,0.3710534395113698,-0.03292207677619596,-0.7024446774431727,
0.25700162016758643,0.04820340440861148,-0.38659220987028164,0.2731522138800857,-0.7809356432659904,
0.2507306789215351,0.19897011984199198,0.8053566897354374,-0.6338433472859266,-0.39771878434659946,
0.3584497565821829,-0.29369261143500114,-0.3617039033473972,-0.9290724448995333,0.5758097468342549,
-0.15888187543489818,-0.9792612859849559,0.007328993872959266,0.3920992357653803,-0.9599994498363642,
-0.6252275303217714,-0.3367609688125215,0.8104044161822097,-0.10692261732084885,0.30549783436720723,
0.870046015388326,-0.5473693521612792,0.8575734990018997,-0.6287167241907601,0.057036451281017975,
-0.47719676838759284,0.6070722840933873,0.4395830808906036,-0.7109331844703424,-0.8684259228035851,
outputWeight:
0.6475506911169573,-0.058683855463547596,-0.24255123829203096,0.9937541245306707,0.42083590374401436,
1 2 3 4 5 6 7 8 9 10 11 12 13 14 15 16 17 18 19 20 21 22 23 24 25 26 27 28 29 30 31 32 33 34 35 36 37 38 39 40 41 42 43 44 45 46 47 48 49 50 51 52 53 54 55 56 57 58 59 60 61 62 63 64 65 66 67 68 69 70 71 72 73 74 75 76 77 78 79 80 81 82 83 84 85 86 87 88 89 90 91 92 93 94 95 96 97 98 99 100 
top in 8:3920,3926000
inputWeight:
0.16028266665425073,0.9866956998799827,0.3710534395113698,-0.03292207677619596,-0.7024446774431727,
0.25700162016758643,0.04820340440861148,-0.38659220987028164,0.2731522138800857,-0.7809356432659904,
0.2507306789215351,0.19897011984199198,0.8053566897354374,-0.6338433472859266,-0.39771878434659946,
0.3584497565821829,-0.29369261143500114,-0.3617039033473972,-0.9290724448995333,0.5758097468342549,
-0.15888187543489818,-0.9792612859849559,0.007328993872959266,0.3920992357653803,-0.9599994498363642,
-0.6252275303217714,-0.3367609688125215,0.8104044161822097,-0.10692261732084885,0.30549783436720723,
0.870046015388326,-0.5473693521612792,0.8575734990018997,-0.6287167241907601,0.057036451281017975,
-0.47719676838759284,0.6070722840933873,0.4395830808906036,-0.7109331844703424,-0.8684259228035851,
outputWeight:
0.6475506911169573,-0.058683855463547596,-0.24255123829203096,0.9937541245306707,0.42083590374401436,
1 2 3 4 5 6 7 8 9 10 11 12 13 14 15 16 17 18 19 20 21 22 23 24 25 26 27 28 29 30 31 32 33 34 35 36 37 38 39 40 41 42 43 44 45 46 47 48 49 50 51 52 53 54 55 56 57 58 59 60 61 62 63 64 65 66 67 68 69 70 71 72 73 74 75 76 77 78 79 80 81 82 83 84 85 86 87 88 89 90 91 92 93 94 95 96 97 98 99 100 
top in 9:3819,3825000
inputWeight:
0.5706179981844923,0.01844329633778674,0.48411237820126174,-0.5612843546029853,-0.3759235378303267,
-0.9188082385986553,-0.8781293583742957,0.19179708736212708,0.23717599470931972,0.31968258734289234,
0.3549209799869273,-0.5239461065295048,0.6134929685029382,-0.6309212321292423,0.5533336095084012,
0.22018347061605215,-0.4831863938959451,-0.022406216102275556,0.30958097541770013,-0.5089740219534882,
-0.14962918319242235,0.39697723096434845,0.1905650676060502,0.08711373396527788,-0.6234159305700098,
0.19280051317329017,-0.842508411055104,-0.4831353353352843,-0.49301020891292,-0.7207703030040562,
0.3332784775400599,-0.08389339729528467,0.5920497448209923,0.48297311750154437,0.2971857999163181,
-0.040379842928113696,-0.3594754367430768,0.44109141151531905,-0.41364499184871395,-0.6786122484051424,
outputWeight:
-0.5994836471241967,0.809712488808306,-0.425914985727021,-0.04040425221100952,-0.37500590068691575,
1 2 3 4 5 6 7 8 9 10 11 12 13 14 15 16 17 18 19 20 21 22 23 24 25 26 27 28 29 30 31 32 33 34 35 36 37 38 39 40 41 42 43 44 45 46 47 48 49 50 51 52 53 54 55 56 57 58 59 60 61 62 63 64 65 66 67 68 69 70 71 72 73 74 75 76 77 78 79 80 81 82 83 84 85 86 87 88 89 90 91 92 93 94 95 96 97 98 99 100 
top in 10:3958,3963000
inputWeight:
0.16028266665425073,0.9866956998799827,0.3710534395113698,-0.03292207677619596,-0.7024446774431727,
0.25700162016758643,0.04820340440861148,-0.38659220987028164,0.2731522138800857,-0.7809356432659904,
0.2507306789215351,0.19897011984199198,0.8053566897354374,-0.6338433472859266,-0.39771878434659946,
0.3584497565821829,-0.29369261143500114,-0.3617039033473972,-0.9290724448995333,0.5758097468342549,
-0.15888187543489818,-0.9792612859849559,0.007328993872959266,0.3920992357653803,-0.9599994498363642,
-0.6252275303217714,-0.3367609688125215,0.8104044161822097,-0.10692261732084885,0.30549783436720723,
0.870046015388326,-0.5473693521612792,0.8575734990018997,-0.6287167241907601,0.057036451281017975,
-0.47719676838759284,0.6070722840933873,0.4395830808906036,-0.7109331844703424,-0.8684259228035851,
outputWeight:
0.6475506911169573,-0.058683855463547596,-0.24255123829203096,0.9937541245306707,0.42083590374401436,
1 2 3 4 5 6 7 8 9 10 11 12 13 14 15 16 17 18 19 20 21 22 23 24 25 26 27 28 29 30 31 32 33 34 35 36 37 38 39 40 41 42 43 44 45 46 47 48 49 50 51 52 53 54 55 56 57 58 59 60 61 62 63 64 65 66 67 68 69 70 71 72 73 74 75 76 77 78 79 80 81 82 83 84 85 86 87 88 89 90 91 92 93 94 95 96 97 98 99 100 
top in 11:3921,3922000
inputWeight:
0.16028266665425073,0.9866956998799827,0.3710534395113698,-0.03292207677619596,-0.7024446774431727,
0.25700162016758643,0.04820340440861148,-0.38659220987028164,0.2731522138800857,-0.7809356432659904,
0.2507306789215351,0.19897011984199198,0.8053566897354374,-0.6338433472859266,-0.39771878434659946,
0.3584497565821829,-0.29369261143500114,-0.3617039033473972,-0.9290724448995333,0.5758097468342549,
-0.15888187543489818,-0.9792612859849559,0.007328993872959266,0.3920992357653803,-0.9599994498363642,
-0.6252275303217714,-0.3367609688125215,0.8104044161822097,-0.10692261732084885,0.30549783436720723,
0.870046015388326,-0.5473693521612792,0.8575734990018997,-0.6287167241907601,0.057036451281017975,
-0.47719676838759284,0.6070722840933873,0.4395830808906036,-0.7109331844703424,-0.8684259228035851,
outputWeight:
0.6475506911169573,-0.058683855463547596,-0.24255123829203096,0.9937541245306707,0.42083590374401436,
1 2 3 4 5 6 7 8 9 10 11 12 13 14 15 16 17 18 19 20 21 22 23 24 25 26 27 28 29 30 31 32 33 34 35 36 37 38 39 40 41 42 43 44 45 46 47 48 49 50 51 52 53 54 55 56 57 58 59 60 61 62 63 64 65 66 67 68 69 70 71 72 73 74 75 76 77 78 79 80 81 82 83 84 85 86 87 88 89 90 91 92 93 94 95 96 97 98 99 100 
top in 12:3915,3918000
inputWeight:
0.16028266665425073,0.9866956998799827,0.3710534395113698,-0.03292207677619596,-0.7024446774431727,
0.25700162016758643,0.04820340440861148,-0.38659220987028164,0.2731522138800857,-0.7809356432659904,
0.2507306789215351,0.19897011984199198,0.8053566897354374,-0.6338433472859266,-0.39771878434659946,
0.3584497565821829,-0.29369261143500114,-0.3617039033473972,-0.9290724448995333,0.5758097468342549,
-0.15888187543489818,-0.9792612859849559,0.007328993872959266,0.3920992357653803,-0.9599994498363642,
-0.6252275303217714,-0.3367609688125215,0.8104044161822097,-0.10692261732084885,0.30549783436720723,
0.870046015388326,-0.5473693521612792,0.8575734990018997,-0.6287167241907601,0.057036451281017975,
-0.47719676838759284,0.6070722840933873,0.4395830808906036,-0.7109331844703424,-0.8684259228035851,
outputWeight:
0.6475506911169573,-0.058683855463547596,-0.24255123829203096,0.9937541245306707,0.42083590374401436,
1 2 3 4 5 6 7 8 9 10 11 12 13 14 15 16 17 18 19 20 21 22 23 24 25 26 27 28 29 30 31 32 33 34 35 36 37 38 39 40 41 42 43 44 45 46 47 48 49 50 51 52 53 54 55 56 57 58 59 60 61 62 63 64 65 66 67 68 69 70 71 72 73 74 75 76 77 78 79 80 81 82 83 84 85 86 87 88 89 90 91 92 93 94 95 96 97 98 99 100 
top in 13:3859,3860000
inputWeight:
0.5706179981844923,0.01844329633778674,0.48411237820126174,-0.5612843546029853,-0.3759235378303267,
-0.9188082385986553,-0.8781293583742957,0.19179708736212708,0.23717599470931972,0.31968258734289234,
0.3549209799869273,-0.5239461065295048,0.6134929685029382,-0.6309212321292423,0.5533336095084012,
0.22018347061605215,-0.4831863938959451,-0.022406216102275556,0.30958097541770013,-0.5089740219534882,
-0.14962918319242235,0.39697723096434845,0.1905650676060502,0.08711373396527788,-0.6234159305700098,
0.19280051317329017,-0.842508411055104,-0.4831353353352843,-0.49301020891292,-0.7207703030040562,
0.3332784775400599,-0.08389339729528467,0.5920497448209923,0.48297311750154437,0.2971857999163181,
-0.040379842928113696,-0.3594754367430768,0.44109141151531905,-0.41364499184871395,-0.6786122484051424,
outputWeight:
-0.5994836471241967,0.809712488808306,-0.425914985727021,-0.04040425221100952,-0.37500590068691575,
1 2 3 4 5 6 7 8 9 10 11 12 13 14 15 16 17 18 19 20 21 22 23 24 25 26 27 28 29 30 31 32 33 34 35 36 37 38 39 40 41 42 43 44 45 46 47 48 49 50 51 52 53 54 55 56 57 58 59 60 61 62 63 64 65 66 67 68 69 70 71 72 73 74 75 76 77 78 79 80 81 82 83 84 85 86 87 88 89 90 91 92 93 94 95 96 97 98 99 100 
top in 14:3834,3837000
inputWeight:
0.16028266665425073,0.9866956998799827,0.3710534395113698,-0.03292207677619596,-0.7024446774431727,
0.25700162016758643,0.04820340440861148,-0.38659220987028164,0.2731522138800857,-0.7809356432659904,
0.2507306789215351,0.19897011984199198,0.8053566897354374,-0.6338433472859266,-0.39771878434659946,
0.3584497565821829,-0.29369261143500114,-0.3617039033473972,-0.9290724448995333,0.5758097468342549,
-0.15888187543489818,-0.9792612859849559,0.007328993872959266,0.3920992357653803,-0.9599994498363642,
-0.6252275303217714,-0.3367609688125215,0.8104044161822097,-0.10692261732084885,0.30549783436720723,
0.870046015388326,-0.5473693521612792,0.8575734990018997,-0.6287167241907601,0.057036451281017975,
-0.47719676838759284,0.6070722840933873,0.4395830808906036,-0.7109331844703424,-0.8684259228035851,
outputWeight:
0.6475506911169573,-0.058683855463547596,-0.24255123829203096,0.9937541245306707,0.42083590374401436,
1 2 3 4 5 6 7 8 9 10 11 12 13 14 15 16 17 18 19 20 21 22 23 24 25 26 27 28 29 30 31 32 33 34 35 36 37 38 39 40 41 42 43 44 45 46 47 48 49 50 51 52 53 54 55 56 57 58 59 60 61 62 63 64 65 66 67 68 69 70 71 72 73 74 75 76 77 78 79 80 81 82 83 84 85 86 87 88 89 90 91 92 93 94 95 96 97 98 99 100 
top in 15:3863,3866000
inputWeight:
0.5706179981844923,0.01844329633778674,0.48411237820126174,-0.5612843546029853,-0.3759235378303267,
-0.9188082385986553,-0.8781293583742957,0.19179708736212708,0.23717599470931972,0.31968258734289234,
0.3549209799869273,-0.5239461065295048,0.6134929685029382,-0.6309212321292423,0.5533336095084012,
0.22018347061605215,-0.4831863938959451,-0.022406216102275556,0.30958097541770013,-0.5089740219534882,
-0.14962918319242235,0.39697723096434845,0.1905650676060502,0.08711373396527788,-0.6234159305700098,
0.19280051317329017,-0.842508411055104,-0.4831353353352843,-0.49301020891292,-0.7207703030040562,
0.3332784775400599,-0.08389339729528467,0.5920497448209923,0.48297311750154437,0.2971857999163181,
-0.040379842928113696,-0.3594754367430768,0.44109141151531905,-0.41364499184871395,-0.6786122484051424,
outputWeight:
-0.5994836471241967,0.809712488808306,-0.425914985727021,-0.04040425221100952,-0.37500590068691575,
1 2 3 4 5 6 7 8 9 10 11 12 13 14 15 16 17 18 19 20 21 22 23 24 25 26 27 28 29 30 31 32 33 34 35 36 37 38 39 40 41 42 43 44 45 46 47 48 49 50 51 52 53 54 55 56 57 58 59 60 61 62 63 64 65 66 67 68 69 70 71 72 73 74 75 76 77 78 79 80 81 82 83 84 85 86 87 88 89 90 91 92 93 94 95 96 97 98 99 100 
top in 16:3861,3866000
inputWeight:
0.16028266665425073,0.9866956998799827,0.3710534395113698,-0.03292207677619596,-0.7024446774431727,
0.25700162016758643,0.04820340440861148,-0.38659220987028164,0.2731522138800857,-0.7809356432659904,
0.2507306789215351,0.19897011984199198,0.8053566897354374,-0.6338433472859266,-0.39771878434659946,
0.3584497565821829,-0.29369261143500114,-0.3617039033473972,-0.9290724448995333,0.5758097468342549,
-0.15888187543489818,-0.9792612859849559,0.007328993872959266,0.3920992357653803,-0.9599994498363642,
-0.6252275303217714,-0.3367609688125215,0.8104044161822097,-0.10692261732084885,0.30549783436720723,
0.870046015388326,-0.5473693521612792,0.8575734990018997,-0.6287167241907601,0.057036451281017975,
-0.47719676838759284,0.6070722840933873,0.4395830808906036,-0.7109331844703424,-0.8684259228035851,
outputWeight:
0.6475506911169573,-0.058683855463547596,-0.24255123829203096,0.9937541245306707,0.42083590374401436,
1 2 3 4 5 6 7 8 9 10 11 12 13 14 15 16 17 18 19 20 21 22 23 24 25 26 27 28 29 30 31 32 33 34 35 36 37 38 39 40 41 42 43 44 45 46 47 48 49 50 51 52 53 54 55 56 57 58 59 60 61 62 63 64 65 66 67 68 69 70 71 72 73 74 75 76 77 78 79 80 81 82 83 84 85 86 87 88 89 90 91 92 93 94 95 96 97 98 99 100 
top in 17:3951,3953000
inputWeight:
0.16028266665425073,0.9866956998799827,0.3710534395113698,-0.03292207677619596,-0.7024446774431727,
0.25700162016758643,0.04820340440861148,-0.38659220987028164,0.2731522138800857,-0.7809356432659904,
0.2507306789215351,0.19897011984199198,0.8053566897354374,-0.6338433472859266,-0.39771878434659946,
0.3584497565821829,-0.29369261143500114,-0.3617039033473972,-0.9290724448995333,0.5758097468342549,
-0.15888187543489818,-0.9792612859849559,0.007328993872959266,0.3920992357653803,-0.9599994498363642,
-0.6252275303217714,-0.3367609688125215,0.8104044161822097,-0.10692261732084885,0.30549783436720723,
0.870046015388326,-0.5473693521612792,0.8575734990018997,-0.6287167241907601,0.057036451281017975,
-0.47719676838759284,0.6070722840933873,0.4395830808906036,-0.7109331844703424,-0.8684259228035851,
outputWeight:
0.6475506911169573,-0.058683855463547596,-0.24255123829203096,0.9937541245306707,0.42083590374401436,
1 2 3 4 5 6 7 8 9 10 11 12 13 14 15 16 17 18 19 20 21 22 23 24 25 26 27 28 29 30 31 32 33 34 35 36 37 38 39 40 41 42 43 44 45 46 47 48 49 50 51 52 53 54 55 56 57 58 59 60 61 62 63 64 65 66 67 68 69 70 71 72 73 74 75 76 77 78 79 80 81 82 83 84 85 86 87 88 89 90 91 92 93 94 95 96 97 98 99 100 
top in 18:3906,3915000
inputWeight:
0.16028266665425073,0.9866956998799827,0.3710534395113698,-0.03292207677619596,-0.7024446774431727,
0.25700162016758643,0.04820340440861148,-0.38659220987028164,0.2731522138800857,-0.7809356432659904,
0.2507306789215351,0.19897011984199198,0.8053566897354374,-0.6338433472859266,-0.39771878434659946,
0.3584497565821829,-0.29369261143500114,-0.3617039033473972,-0.9290724448995333,0.5758097468342549,
-0.15888187543489818,-0.9792612859849559,0.007328993872959266,0.3920992357653803,-0.9599994498363642,
-0.6252275303217714,-0.3367609688125215,0.8104044161822097,-0.10692261732084885,0.30549783436720723,
0.870046015388326,-0.5473693521612792,0.8575734990018997,-0.6287167241907601,0.057036451281017975,
-0.47719676838759284,0.6070722840933873,0.4395830808906036,-0.7109331844703424,-0.8684259228035851,
outputWeight:
0.6475506911169573,-0.058683855463547596,-0.24255123829203096,0.9937541245306707,0.42083590374401436,
1 2 3 4 5 6 7 8 9 10 11 12 13 14 15 16 17 18 19 20 21 22 23 24 25 26 27 28 29 30 31 32 33 34 35 36 37 38 39 40 41 42 43 44 45 46 47 48 49 50 51 52 53 54 55 56 57 58 59 60 61 62 63 64 65 66 67 68 69 70 71 72 73 74 75 76 77 78 79 80 81 82 83 84 85 86 87 88 89 90 91 92 93 94 95 96 97 98 99 100 
top in 19:3845,3851000
inputWeight:
0.16028266665425073,0.9866956998799827,0.3710534395113698,-0.03292207677619596,-0.7024446774431727,
0.25700162016758643,0.04820340440861148,-0.38659220987028164,0.2731522138800857,-0.7809356432659904,
0.2507306789215351,0.19897011984199198,0.8053566897354374,-0.6338433472859266,-0.39771878434659946,
0.3584497565821829,-0.29369261143500114,-0.3617039033473972,-0.9290724448995333,0.5758097468342549,
-0.15888187543489818,-0.9792612859849559,0.007328993872959266,0.3920992357653803,-0.9599994498363642,
-0.6252275303217714,-0.3367609688125215,0.8104044161822097,-0.10692261732084885,0.30549783436720723,
0.870046015388326,-0.5473693521612792,0.8575734990018997,-0.6287167241907601,0.057036451281017975,
-0.47719676838759284,0.6070722840933873,0.4395830808906036,-0.7109331844703424,-0.8684259228035851,
outputWeight:
0.6475506911169573,-0.058683855463547596,-0.24255123829203096,0.9937541245306707,0.42083590374401436,
1 2 3 4 5 6 7 8 9 10 11 12 13 14 15 16 17 18 19 20 21 22 23 24 25 26 27 28 29 30 31 32 33 34 35 36 37 38 39 40 41 42 43 44 45 46 47 48 49 50 51 52 53 54 55 56 57 58 59 60 61 62 63 64 65 66 67 68 69 70 71 72 73 74 75 76 77 78 79 80 81 82 83 84 85 86 87 88 89 90 91 92 93 94 95 96 97 98 99 100 
top in 20:3893,3896000
inputWeight:
0.5706179981844923,0.01844329633778674,0.48411237820126174,-0.5612843546029853,-0.3759235378303267,
-0.9188082385986553,-0.8781293583742957,0.19179708736212708,0.23717599470931972,0.31968258734289234,
0.3549209799869273,-0.5239461065295048,0.6134929685029382,-0.6309212321292423,0.5533336095084012,
0.22018347061605215,-0.4831863938959451,-0.022406216102275556,0.30958097541770013,-0.5089740219534882,
-0.14962918319242235,0.39697723096434845,0.1905650676060502,0.08711373396527788,-0.6234159305700098,
0.19280051317329017,-0.842508411055104,-0.4831353353352843,-0.49301020891292,-0.7207703030040562,
0.3332784775400599,-0.08389339729528467,0.5920497448209923,0.48297311750154437,0.2971857999163181,
-0.040379842928113696,-0.3594754367430768,0.44109141151531905,-0.41364499184871395,-0.6786122484051424,
outputWeight:
-0.5994836471241967,0.809712488808306,-0.425914985727021,-0.04040425221100952,-0.37500590068691575,
1 2 3 4 5 6 7 8 9 10 11 12 13 14 15 16 17 18 19 20 21 22 23 24 25 26 27 28 29 30 31 32 33 34 35 36 37 38 39 40 41 42 43 44 45 46 47 48 49 50 51 52 53 54 55 56 57 58 59 60 61 62 63 64 65 66 67 68 69 70 71 72 73 74 75 76 77 78 79 80 81 82 83 84 85 86 87 88 89 90 91 92 93 94 95 96 97 98 99 100 
top in 21:3932,3936000
inputWeight:
0.16028266665425073,0.9866956998799827,0.3710534395113698,-0.03292207677619596,-0.7024446774431727,
0.25700162016758643,0.04820340440861148,-0.38659220987028164,0.2731522138800857,-0.7809356432659904,
0.2507306789215351,0.19897011984199198,0.8053566897354374,-0.6338433472859266,-0.39771878434659946,
0.3584497565821829,-0.29369261143500114,-0.3617039033473972,-0.9290724448995333,0.5758097468342549,
-0.15888187543489818,-0.9792612859849559,0.007328993872959266,0.3920992357653803,-0.9599994498363642,
-0.6252275303217714,-0.3367609688125215,0.8104044161822097,-0.10692261732084885,0.30549783436720723,
0.870046015388326,-0.5473693521612792,0.8575734990018997,-0.6287167241907601,0.057036451281017975,
-0.47719676838759284,0.6070722840933873,0.4395830808906036,-0.7109331844703424,-0.8684259228035851,
outputWeight:
0.6475506911169573,-0.058683855463547596,-0.24255123829203096,0.9937541245306707,0.42083590374401436,
1 2 3 4 5 6 7 8 9 10 11 12 13 14 15 16 17 18 19 20 21 22 23 24 25 26 27 28 29 30 31 32 33 34 35 36 37 38 39 40 41 42 43 44 45 46 47 48 49 50 51 52 53 54 55 56 57 58 59 60 61 62 63 64 65 66 67 68 69 70 71 72 73 74 75 76 77 78 79 80 81 82 83 84 85 86 87 88 89 90 91 92 93 94 95 96 97 98 99 100 
top in 22:3854,3859000
inputWeight:
0.5706179981844923,0.01844329633778674,0.48411237820126174,-0.5612843546029853,-0.3759235378303267,
-0.9188082385986553,-0.8781293583742957,0.19179708736212708,0.23717599470931972,0.31968258734289234,
0.3549209799869273,-0.5239461065295048,0.6134929685029382,-0.6309212321292423,0.5533336095084012,
0.22018347061605215,-0.4831863938959451,-0.022406216102275556,0.30958097541770013,-0.5089740219534882,
-0.14962918319242235,0.39697723096434845,0.1905650676060502,0.08711373396527788,-0.6234159305700098,
0.19280051317329017,-0.842508411055104,-0.4831353353352843,-0.49301020891292,-0.7207703030040562,
0.3332784775400599,-0.08389339729528467,0.5920497448209923,0.48297311750154437,0.2971857999163181,
-0.040379842928113696,-0.3594754367430768,0.44109141151531905,-0.41364499184871395,-0.6786122484051424,
outputWeight:
-0.5994836471241967,0.809712488808306,-0.425914985727021,-0.04040425221100952,-0.37500590068691575,
1 2 3 4 5 6 7 8 9 10 11 12 13 14 15 16 17 18 19 20 21 22 23 24 25 26 27 28 29 30 31 32 33 34 35 36 37 38 39 40 41 42 43 44 45 46 47 48 49 50 51 52 53 54 55 56 57 58 59 60 61 62 63 64 65 66 67 68 69 70 71 72 73 74 75 76 77 78 79 80 81 82 83 84 85 86 87 88 89 90 91 92 93 94 95 96 97 98 99 100 
top in 23:3930,3936000
inputWeight:
0.5706179981844923,0.01844329633778674,0.48411237820126174,-0.5612843546029853,-0.3759235378303267,
-0.9188082385986553,-0.8781293583742957,0.19179708736212708,0.23717599470931972,0.31968258734289234,
0.3549209799869273,-0.5239461065295048,0.6134929685029382,-0.6309212321292423,0.5533336095084012,
0.22018347061605215,-0.4831863938959451,-0.022406216102275556,0.30958097541770013,-0.5089740219534882,
-0.14962918319242235,0.39697723096434845,0.1905650676060502,0.08711373396527788,-0.6234159305700098,
0.19280051317329017,-0.842508411055104,-0.4831353353352843,-0.49301020891292,-0.7207703030040562,
0.3332784775400599,-0.08389339729528467,0.5920497448209923,0.48297311750154437,0.2971857999163181,
-0.040379842928113696,-0.3594754367430768,0.44109141151531905,-0.41364499184871395,-0.6786122484051424,
outputWeight:
-0.5994836471241967,0.809712488808306,-0.425914985727021,-0.04040425221100952,-0.37500590068691575,
1 2 3 4 5 6 7 8 9 10 11 12 13 14 15 16 17 18 19 20 21 22 23 24 25 26 27 28 29 30 31 32 33 34 35 36 37 38 39 40 41 42 43 44 45 46 47 48 49 50 51 52 53 54 55 56 57 58 59 60 61 62 63 64 65 66 67 68 69 70 71 72 73 74 75 76 77 78 79 80 81 82 83 84 85 86 87 88 89 90 91 92 93 94 95 96 97 98 99 100 
top in 24:3808,3812000
inputWeight:
0.5706179981844923,0.01844329633778674,0.48411237820126174,-0.5612843546029853,-0.3759235378303267,
-0.9188082385986553,-0.8781293583742957,0.19179708736212708,0.23717599470931972,0.31968258734289234,
0.3549209799869273,-0.5239461065295048,0.6134929685029382,-0.6309212321292423,0.5533336095084012,
0.22018347061605215,-0.4831863938959451,-0.022406216102275556,0.30958097541770013,-0.5089740219534882,
-0.14962918319242235,0.39697723096434845,0.1905650676060502,0.08711373396527788,-0.6234159305700098,
0.19280051317329017,-0.842508411055104,-0.4831353353352843,-0.49301020891292,-0.7207703030040562,
0.3332784775400599,-0.08389339729528467,0.5920497448209923,0.48297311750154437,0.2971857999163181,
-0.040379842928113696,-0.3594754367430768,0.44109141151531905,-0.41364499184871395,-0.6786122484051424,
outputWeight:
-0.5994836471241967,0.809712488808306,-0.425914985727021,-0.04040425221100952,-0.37500590068691575,
1 2 3 4 5 6 7 8 9 10 11 12 13 14 15 16 17 18 19 20 21 22 23 24 25 26 27 28 29 30 31 32 33 34 35 36 37 38 39 40 41 42 43 44 45 46 47 48 49 50 51 52 53 54 55 56 57 58 59 60 61 62 63 64 65 66 67 68 69 70 71 72 73 74 75 76 77 78 79 80 81 82 83 84 85 86 87 88 89 90 91 92 93 94 95 96 97 98 99 100 
top in 25:3961,3968000
inputWeight:
0.16028266665425073,0.9866956998799827,0.3710534395113698,-0.03292207677619596,-0.7024446774431727,
0.25700162016758643,0.04820340440861148,-0.38659220987028164,0.2731522138800857,-0.7809356432659904,
0.2507306789215351,0.19897011984199198,0.8053566897354374,-0.6338433472859266,-0.39771878434659946,
0.3584497565821829,-0.29369261143500114,-0.3617039033473972,-0.9290724448995333,0.5758097468342549,
-0.15888187543489818,-0.9792612859849559,0.007328993872959266,0.3920992357653803,-0.9599994498363642,
-0.6252275303217714,-0.3367609688125215,0.8104044161822097,-0.10692261732084885,0.30549783436720723,
0.870046015388326,-0.5473693521612792,0.8575734990018997,-0.6287167241907601,0.057036451281017975,
-0.47719676838759284,0.6070722840933873,0.4395830808906036,-0.7109331844703424,-0.8684259228035851,
outputWeight:
0.6475506911169573,-0.058683855463547596,-0.24255123829203096,0.9937541245306707,0.42083590374401436,
1 2 3 4 5 6 7 8 9 10 11 12 13 14 15 16 17 18 19 20 21 22 23 24 25 26 27 28 29 30 31 32 33 34 35 36 37 38 39 40 41 42 43 44 45 46 47 48 49 50 51 52 53 54 55 56 57 58 59 60 61 62 63 64 65 66 67 68 69 70 71 72 73 74 75 76 77 78 79 80 81 82 83 84 85 86 87 88 89 90 91 92 93 94 95 96 97 98 99 100 
top in 26:3923,3928000
inputWeight:
-0.16426532539483407,-0.4467761602275675,-0.15704283994042156,0.8137084382597151,-0.3605273214614584,
0.2643087991505184,0.6530597259529838,-0.502899385936133,-0.47070706047960087,-0.8374722028149011,
0.04900743287302167,-0.5808085949526889,0.4912144066220785,-0.10861271667205985,0.7987208008284921,
0.07722911028094992,0.6311627760256373,0.3696416630202346,0.872485639754883,0.9456986304940738,
0.9263609895604343,-0.34392749118999855,0.8662303086209255,0.725386416874841,0.4140234202465214,
0.356202897779722,-0.06688445373998197,-0.16230794635117363,0.9316137833997635,0.32820832610524353,
0.3780727625145912,-0.36630490705567254,-0.6286353101570321,-0.4335905871453789,-0.4955792592455437,
0.7906735236569946,0.2958815120941727,-0.2367756333913369,-0.4077849276252188,0.8065452725791757,
outputWeight:
-0.9982959986040869,0.9541276856981995,0.7036722500438208,0.9353377186697573,0.6536102740502294,
1 2 3 4 5 6 7 8 9 10 11 12 13 14 15 16 17 18 19 20 21 22 23 24 25 26 27 28 29 30 31 32 33 34 35 36 37 38 39 40 41 42 43 44 45 46 47 48 49 50 51 52 53 54 55 56 57 58 59 60 61 62 63 64 65 66 67 68 69 70 71 72 73 74 75 76 77 78 79 80 81 82 83 84 85 86 87 88 89 90 91 92 93 94 95 96 97 98 99 100 
top in 27:3945,3948000
inputWeight:
0.16028266665425073,0.9866956998799827,0.3710534395113698,-0.03292207677619596,-0.7024446774431727,
0.25700162016758643,0.04820340440861148,-0.38659220987028164,0.2731522138800857,-0.7809356432659904,
0.2507306789215351,0.19897011984199198,0.8053566897354374,-0.6338433472859266,-0.39771878434659946,
0.3584497565821829,-0.29369261143500114,-0.3617039033473972,-0.9290724448995333,0.5758097468342549,
-0.15888187543489818,-0.9792612859849559,0.007328993872959266,0.3920992357653803,-0.9599994498363642,
-0.6252275303217714,-0.3367609688125215,0.8104044161822097,-0.10692261732084885,0.30549783436720723,
0.870046015388326,-0.5473693521612792,0.8575734990018997,-0.6287167241907601,0.057036451281017975,
-0.47719676838759284,0.6070722840933873,0.4395830808906036,-0.7109331844703424,-0.8684259228035851,
outputWeight:
0.6475506911169573,-0.058683855463547596,-0.24255123829203096,0.9937541245306707,0.42083590374401436,
1 2 3 4 5 6 7 8 9 10 11 12 13 14 15 16 17 18 19 20 21 22 23 24 25 26 27 28 29 30 31 32 33 34 35 36 37 38 39 40 41 42 43 44 45 46 47 48 49 50 51 52 53 54 55 56 57 58 59 60 61 62 63 64 65 66 67 68 69 70 71 72 73 74 75 76 77 78 79 80 81 82 83 84 85 86 87 88 89 90 91 92 93 94 95 96 97 98 99 100 
top in 28:3856,3864000
inputWeight:
0.16028266665425073,0.9866956998799827,0.3710534395113698,-0.03292207677619596,-0.7024446774431727,
0.25700162016758643,0.04820340440861148,-0.38659220987028164,0.2731522138800857,-0.7809356432659904,
0.2507306789215351,0.19897011984199198,0.8053566897354374,-0.6338433472859266,-0.39771878434659946,
0.3584497565821829,-0.29369261143500114,-0.3617039033473972,-0.9290724448995333,0.5758097468342549,
-0.15888187543489818,-0.9792612859849559,0.007328993872959266,0.3920992357653803,-0.9599994498363642,
-0.6252275303217714,-0.3367609688125215,0.8104044161822097,-0.10692261732084885,0.30549783436720723,
0.870046015388326,-0.5473693521612792,0.8575734990018997,-0.6287167241907601,0.057036451281017975,
-0.47719676838759284,0.6070722840933873,0.4395830808906036,-0.7109331844703424,-0.8684259228035851,
outputWeight:
0.6475506911169573,-0.058683855463547596,-0.24255123829203096,0.9937541245306707,0.42083590374401436,
1 2 3 4 5 6 7 8 9 10 11 12 13 14 15 16 17 18 19 20 21 22 23 24 25 26 27 28 29 30 31 32 33 34 35 36 37 38 39 40 41 42 43 44 45 46 47 48 49 50 51 52 53 54 55 56 57 58 59 60 61 62 63 64 65 66 67 68 69 70 71 72 73 74 75 76 77 78 79 80 81 82 83 84 85 86 87 88 89 90 91 92 93 94 95 96 97 98 99 100 
top in 29:3842,3845000
inputWeight:
0.16028266665425073,0.9866956998799827,0.3710534395113698,-0.03292207677619596,-0.7024446774431727,
0.25700162016758643,0.04820340440861148,-0.38659220987028164,0.2731522138800857,-0.7809356432659904,
0.2507306789215351,0.19897011984199198,0.8053566897354374,-0.6338433472859266,-0.39771878434659946,
0.3584497565821829,-0.29369261143500114,-0.3617039033473972,-0.9290724448995333,0.5758097468342549,
-0.15888187543489818,-0.9792612859849559,0.007328993872959266,0.3920992357653803,-0.9599994498363642,
-0.6252275303217714,-0.3367609688125215,0.8104044161822097,-0.10692261732084885,0.30549783436720723,
0.870046015388326,-0.5473693521612792,0.8575734990018997,-0.6287167241907601,0.057036451281017975,
-0.47719676838759284,0.6070722840933873,0.4395830808906036,-0.7109331844703424,-0.8684259228035851,
outputWeight:
0.6475506911169573,-0.058683855463547596,-0.24255123829203096,0.9937541245306707,0.42083590374401436,
1 2 3 4 5 6 7 8 9 10 11 12 13 14 15 16 17 18 19 20 21 22 23 24 25 26 27 28 29 30 31 32 33 34 35 36 37 38 39 40 41 42 43 44 45 46 47 48 49 50 51 52 53 54 55 56 57 58 59 60 61 62 63 64 65 66 67 68 69 70 71 72 73 74 75 76 77 78 79 80 81 82 83 84 85 86 87 88 89 90 91 92 93 94 95 96 97 98 99 100 
top in 30:3856,3863000
inputWeight:
0.5706179981844923,0.01844329633778674,0.48411237820126174,-0.5612843546029853,-0.3759235378303267,
-0.9188082385986553,-0.8781293583742957,0.19179708736212708,0.23717599470931972,0.31968258734289234,
0.3549209799869273,-0.5239461065295048,0.6134929685029382,-0.6309212321292423,0.5533336095084012,
0.22018347061605215,-0.4831863938959451,-0.022406216102275556,0.30958097541770013,-0.5089740219534882,
-0.14962918319242235,0.39697723096434845,0.1905650676060502,0.08711373396527788,-0.6234159305700098,
0.19280051317329017,-0.842508411055104,-0.4831353353352843,-0.49301020891292,-0.7207703030040562,
0.3332784775400599,-0.08389339729528467,0.5920497448209923,0.48297311750154437,0.2971857999163181,
-0.040379842928113696,-0.3594754367430768,0.44109141151531905,-0.41364499184871395,-0.6786122484051424,
outputWeight:
-0.5994836471241967,0.809712488808306,-0.425914985727021,-0.04040425221100952,-0.37500590068691575,
1 2 3 4 5 6 7 8 9 10 11 12 13 14 15 16 17 18 19 20 21 22 23 24 25 26 27 28 29 30 31 32 33 34 35 36 37 38 39 40 41 42 43 44 45 46 47 48 49 50 51 52 53 54 55 56 57 58 59 60 61 62 63 64 65 66 67 68 69 70 71 72 73 74 75 76 77 78 79 80 81 82 83 84 85 86 87 88 89 90 91 92 93 94 95 96 97 98 99 100 
top in 31:3864,3869000
inputWeight:
0.16028266665425073,0.9866956998799827,0.3710534395113698,-0.03292207677619596,-0.7024446774431727,
0.25700162016758643,0.04820340440861148,-0.38659220987028164,0.2731522138800857,-0.7809356432659904,
0.2507306789215351,0.19897011984199198,0.8053566897354374,-0.6338433472859266,-0.39771878434659946,
0.3584497565821829,-0.29369261143500114,-0.3617039033473972,-0.9290724448995333,0.5758097468342549,
-0.15888187543489818,-0.9792612859849559,0.007328993872959266,0.3920992357653803,-0.9599994498363642,
-0.6252275303217714,-0.3367609688125215,0.8104044161822097,-0.10692261732084885,0.30549783436720723,
0.870046015388326,-0.5473693521612792,0.8575734990018997,-0.6287167241907601,0.057036451281017975,
-0.47719676838759284,0.6070722840933873,0.4395830808906036,-0.7109331844703424,-0.8684259228035851,
outputWeight:
0.6475506911169573,-0.058683855463547596,-0.24255123829203096,0.9937541245306707,0.42083590374401436,
1 2 3 4 5 6 7 8 9 10 11 12 13 14 15 16 17 18 19 20 21 22 23 24 25 26 27 28 29 30 31 32 33 34 35 36 37 38 39 40 41 42 43 44 45 46 47 48 49 50 51 52 53 54 55 56 57 58 59 60 61 62 63 64 65 66 67 68 69 70 71 72 73 74 75 76 77 78 79 80 81 82 83 84 85 86 87 88 89 90 91 92 93 94 95 96 97 98 99 100 
top in 32:3873,3874000
inputWeight:
0.16028266665425073,0.9866956998799827,0.3710534395113698,-0.03292207677619596,-0.7024446774431727,
0.25700162016758643,0.04820340440861148,-0.38659220987028164,0.2731522138800857,-0.7809356432659904,
0.2507306789215351,0.19897011984199198,0.8053566897354374,-0.6338433472859266,-0.39771878434659946,
0.3584497565821829,-0.29369261143500114,-0.3617039033473972,-0.9290724448995333,0.5758097468342549,
-0.15888187543489818,-0.9792612859849559,0.007328993872959266,0.3920992357653803,-0.9599994498363642,
-0.6252275303217714,-0.3367609688125215,0.8104044161822097,-0.10692261732084885,0.30549783436720723,
0.870046015388326,-0.5473693521612792,0.8575734990018997,-0.6287167241907601,0.057036451281017975,
-0.47719676838759284,0.6070722840933873,0.4395830808906036,-0.7109331844703424,-0.8684259228035851,
outputWeight:
0.6475506911169573,-0.058683855463547596,-0.24255123829203096,0.9937541245306707,0.42083590374401436,
1 2 3 4 5 6 7 8 9 10 11 12 13 14 15 16 17 18 19 20 21 22 23 24 25 26 27 28 29 30 31 32 33 34 35 36 37 38 39 40 41 42 43 44 45 46 47 48 49 50 51 52 53 54 55 56 57 58 59 60 61 62 63 64 65 66 67 68 69 70 71 72 73 74 75 76 77 78 79 80 81 82 83 84 85 86 87 88 89 90 91 92 93 94 95 96 97 98 99 100 
top in 33:3878,3882000
inputWeight:
0.16028266665425073,0.9866956998799827,0.3710534395113698,-0.03292207677619596,-0.7024446774431727,
0.25700162016758643,0.04820340440861148,-0.38659220987028164,0.2731522138800857,-0.7809356432659904,
0.2507306789215351,0.19897011984199198,0.8053566897354374,-0.6338433472859266,-0.39771878434659946,
0.3584497565821829,-0.29369261143500114,-0.3617039033473972,-0.9290724448995333,0.5758097468342549,
-0.15888187543489818,-0.9792612859849559,0.007328993872959266,0.3920992357653803,-0.9599994498363642,
-0.6252275303217714,-0.3367609688125215,0.8104044161822097,-0.10692261732084885,0.30549783436720723,
0.870046015388326,-0.5473693521612792,0.8575734990018997,-0.6287167241907601,0.057036451281017975,
-0.47719676838759284,0.6070722840933873,0.4395830808906036,-0.7109331844703424,-0.8684259228035851,
outputWeight:
0.6475506911169573,-0.058683855463547596,-0.24255123829203096,0.9937541245306707,0.42083590374401436,
1 2 3 4 