top in 53:3919,3928000
inputWeight:
0.16028266665425073,0.9866956998799827,0.3710534395113698,-0.03292207677619596,-0.7024446774431727,
0.25700162016758643,0.04820340440861148,-0.38659220987028164,0.2731522138800857,-0.7809356432659904,
0.2507306789215351,0.19897011984199198,0.8053566897354374,-0.6338433472859266,-0.39771878434659946,
0.3584497565821829,-0.29369261143500114,-0.3617039033473972,-0.9290724448995333,0.5758097468342549,
-0.15888187543489818,-0.9792612859849559,0.007328993872959266,0.3920992357653803,-0.9599994498363642,
-0.6252275303217714,-0.3367609688125215,0.8104044161822097,-0.10692261732084885,0.30549783436720723,
0.870046015388326,-0.5473693521612792,0.8575734990018997,-0.6287167241907601,0.057036451281017975,
-0.47719676838759284,0.6070722840933873,0.4395830808906036,-0.7109331844703424,-0.8684259228035851,
outputWeight:
0.6475506911169573,-0.058683855463547596,-0.24255123829203096,0.9937541245306707,0.42083590374401436,
1 2 3 4 5 6 7 8 9 10 11 12 13 14 15 16 17 18 19 20 21 22 23 24 25 26 27 28 29 30 31 32 33 34 35 36 37 38 39 40 41 42 43 44 45 46 47 48 49 50 51 52 53 54 55 56 57 58 59 60 61 62 63 64 65 66 67 68 69 70 71 72 73 74 75 76 77 78 79 80 81 82 83 84 85 86 87 88 89 90 91 92 93 94 95 96 97 98 99 100 
top in 54:3937,3939000
inputWeight:
-0.7088747786160128,0.9759489850761951,-0.6938214707664527,0.1399016995715705,0.7653381686331819,
-0.07360775457851876,0.06322459143506598,0.6503916649399477,-0.7913366669233146,-0.4508116189213005,
-0.5344549578764723,-0.7751154232546509,0.5947185919253977,0.17810512577329707,-0.710643736300872,
-0.9619531413503448,-0.9388122164210715,0.24604759511788776,0.5581457658649869,-0.28011890980101595,
0.6865148477770888,-0.12284198112010003,-0.8559718237925111,0.18924653184899798,-0.9611785885846003,
-0.4432534929591312,-0.3802842252613685,-0.08966742975027953,-0.8915471363651286,0.3040050819116624,
0.45820813106016445,-0.535348754627335,-0.5645508421325645,0.7864425537490121,0.02593550213294349,
-0.2982685280543973,-0.5436014628278771,-0.27009434724157555,0.1424549869162186,-0.3473035366493855,
outputWeight:
-0.9982959986040869,0.9541276856981995,0.7036722500438208,0.9353377186697573,0.6536102740502294,
1 2 3 4 5 6 7 8 9 10 11 12 13 14 15 16 17 18 19 20 21 22 23 24 25 26 27 28 29 30 31 32 33 34 35 36 37 38 39 40 41 42 43 44 45 46 47 48 49 50 51 52 53 54 55 56 57 58 59 60 61 62 63 64 65 66 67 68 69 70 71 72 73 74 75 76 77 78 79 80 81 82 83 84 85 86 87 88 89 90 91 92 93 94 95 96 97 98 99 100 
top in 55:3903,3909000
inputWeight:
0.16028266665425073,0.9866956998799827,0.3710534395113698,-0.03292207677619596,-0.7024446774431727,
0.25700162016758643,0.04820340440861148,-0.38659220987028164,0.2731522138800857,-0.7809356432659904,
0.2507306789215351,0.19897011984199198,0.8053566897354374,-0.6338433472859266,-0.39771878434659946,
0.3584497565821829,-0.29369261143500114,-0.3617039033473972,-0.9290724448995333,0.5758097468342549,
-0.15888187543489818,-0.9792612859849559,0.007328993872959266,0.3920992357653803,-0.9599994498363642,
-0.6252275303217714,-0.3367609688125215,0.8104044161822097,-0.10692261732084885,0.30549783436720723,
0.870046015388326,-0.5473693521612792,0.8575734990018997,-0.6287167241907601,0.057036451281017975,
-0.47719676838759284,0.6070722840933873,0.4395830808906036,-0.7109331844703424,-0.8684259228035851,
outputWeight:
0.6475506911169573,-0.058683855463547596,-0.24255123829203096,0.9937541245306707,0.42083590374401436,
1 2 3 4 5 6 7 8 9 10 11 12 13 14 15 16 17 18 19 20 21 22 23 24 25 26 27 28 29 30 31 32 33 34 35 36 37 38 39 40 41 42 43 44 45 46 47 48 49 50 51 52 53 54 55 56 57 58 59 60 61 62 63 64 65 66 67 68 69 70 71 72 73 74 75 76 77 78 79 80 81 82 83 84 85 86 87 88 89 90 91 92 93 94 95 96 97 98 99 100 
top in 56:3883,3886000
inputWeight:
0.16028266665425073,0.9866956998799827,0.3710534395113698,-0.03292207677619596,-0.7024446774431727,
0.25700162016758643,0.04820340440861148,-0.38659220987028164,0.2731522138800857,-0.7809356432659904,
0.2507306789215351,0.19897011984199198,0.8053566897354374,-0.6338433472859266,-0.39771878434659946,
0.3584497565821829,-0.29369261143500114,-0.3617039033473972,-0.9290724448995333,0.5758097468342549,
-0.15888187543489818,-0.9792612859849559,0.007328993872959266,0.3920992357653803,-0.9599994498363642,
-0.6252275303217714,-0.3367609688125215,0.8104044161822097,-0.10692261732084885,0.30549783436720723,
0.870046015388326,-0.5473693521612792,0.8575734990018997,-0.6287167241907601,0.057036451281017975,
-0.47719676838759284,0.6070722840933873,0.4395830808906036,-0.7109331844703424,-0.8684259228035851,
outputWeight:
0.6475506911169573,-0.058683855463547596,-0.24255123829203096,0.9937541245306707,0.42083590374401436,
1 2 3 4 5 6 7 8 9 10 11 12 13 14 15 16 17 18 19 20 21 22 23 24 25 26 27 28 29 30 31 32 33 34 35 36 37 38 39 40 41 42 43 44 45 46 47 48 49 50 51 52 53 54 55 56 57 58 59 60 61 62 63 64 65 66 67 68 69 70 71 72 73 74 75 76 77 78 79 80 81 82 83 84 85 86 87 88 89 90 91 92 93 94 95 96 97 98 99 100 
top in 57:3969,3971000
inputWeight:
-0.12266201840440405,-0.6941798273971502,0.8691211727146086,-0.2912988322154677,-0.4091557247279738,
0.02496342901964521,-0.2545127350352483,-0.3210109480038632,0.6504463184304392,0.2776078160977622,
-0.058644422635248716,0.0878084187700574,-0.7066564516346687,-0.5772801220638923,-0.20745628836707009,
-0.16896218000539154,-0.8660873470502088,0.9478730430425457,0.877938090747759,0.7847066308998387,
-0.6271603075956349,-0.9192370297933805,-0.3345105399442021,0.7172848769528042,-0.056378850185671014,
-0.6871074215316681,0.3218132250442618,-0.5114073476685745,-0.8378378432974518,0.7602726785920519,
0.29342069860673825,0.1482095741749605,-0.45904193058245757,-0.9522630254959827,-0.1754996747087989,
-0.6368677827506974,0.6537825547461897,-0.30432520146290876,-0.34056506046279345,0.013474611172626938,
outputWeight:
-0.9982959986040869,0.9541276856981995,0.7036722500438208,0.9353377186697573,0.6536102740502294,
1 2 3 4 5 6 7 8 9 10 11 12 13 14 15 16 17 18 19 20 21 22 23 24 25 26 27 28 29 30 31 32 33 34 35 36 37 38 39 40 41 42 43 44 45 46 47 48 49 50 51 52 53 54 55 56 57 58 59 60 61 62 63 64 65 66 67 68 69 70 71 72 73 74 75 76 77 78 79 80 81 82 83 84 85 86 87 88 89 90 91 92 93 94 95 96 97 98 99 100 
top in 58:3206,3208000
inputWeight:
0.5846721757512559,-0.2859292735209127,-0.8028926513374315,-0.7195862332939227,0.9028033855868915,
-0.4222571041563965,0.3143081278119819,-0.8269636844636141,-0.3457426446229961,-0.508101063388835,
0.25452914426177053,-0.09903789212217329,-0.46013027217951663,0.8535097676426573,0.07853770259169024,
0.7900127304858886,-0.8172230912059808,0.6672123527336178,0.4867524959298646,-0.3367918638898282,
0.374351285168369,0.6364553814738323,-0.3345105399442021,0.15645917985776525,0.6881276859534384,
0.9475074188961259,0.3218132250442618,-0.5637924790777309,-0.8378378432974518,0.7654881458240055,
-0.6778036044624376,0.7860568006762239,0.7358394428624611,0.09806286800565345,-0.5524425393418044,
-0.8737842822815833,0.4250245503922485,-0.6842213545216727,0.11448338221934362,0.5209269178632241,
outputWeight:
-0.9982959986040869,0.9541276856981995,0.7036722500438208,0.9353377186697573,0.6536102740502294,
1 2 3 4 5 6 7 8 9 10 11 12 13 14 15 16 17 18 19 20 21 22 23 24 25 26 27 28 29 30 31 32 33 34 35 36 37 38 39 40 41 42 43 44 45 46 47 48 49 50 51 52 53 54 55 56 57 58 59 60 61 62 63 64 65 66 67 68 69 70 71 72 73 74 75 76 77 78 79 80 81 82 83 84 85 86 87 88 89 90 91 92 93 94 95 96 97 98 99 100 
top in 59:1238,1241000
inputWeight:
0.5846721757512559,-0.452320873171131,-0.3077870918491965,0.4889106924264046,-0.49251311740660997,
-0.24963440981160834,0.4745733044793734,-0.5357359007997355,0.41554525954496135,-0.4632671618777213,
-0.0658383130066329,-0.516022812310382,-0.7909578478129551,0.07611014290692553,0.5986880611078882,
0.32403753136084346,-0.1953310017885046,-6.228377202233126E-5,-0.5891482528260517,0.9667491530761276,
-0.9252220164078322,0.634477497687596,-0.2917189978487249,-0.8438536563976631,-0.5700533260113425,
0.1340851635090634,0.55816419949157,-0.4133858260295902,0.3456375205620754,-0.41216193870983453,
0.5456017020829338,-0.5180505999658425,-0.26088794240102975,-0.48231652799563784,0.9320662092401513,
-0.24918660346352306,-0.5818486529690556,-0.25266434077153477,0.11448338221934362,-0.1390736354342863,
outputWeight:
-0.9982959986040869,0.9541276856981995,0.7036722500438208,0.9353377186697573,0.6536102740502294,
1 2 3 4 5 6 7 8 9 10 11 12 13 14 15 16 17 18 19 20 21 22 23 24 25 26 27 28 29 30 31 32 33 34 35 36 37 38 39 40 41 42 43 44 45 46 47 48 49 50 51 52 53 54 55 56 57 58 59 60 61 62 63 64 65 66 67 68 69 70 71 72 73 74 75 76 77 78 79 80 81 82 83 84 85 86 87 88 89 90 91 92 93 94 95 96 97 98 99 100 
top in 60:401,402000
inputWeight:
0.2555731966752768,-0.452320873171131,-0.10057121080524523,-0.17679634898605534,-0.4575365319631557,
-0.2986436616002308,0.16956242265021282,-0.27251170116103896,-0.022232204065397276,-0.014084208169748091,
-0.37296239446254287,0.4502749611051937,0.03729200667937138,0.8986219280974135,-0.37861922224051336,
0.5698187631472287,-0.1953310017885046,0.8789566403914342,0.524949008661006,0.9667491530761276,
0.3869307436149474,-0.6571842831823014,0.18519230564056643,0.404877336741424,-0.4883407886108775,
0.7309368012241417,-0.7046762964807842,0.9096764917846711,0.3456375205620754,-0.8024602070953475,
-0.5933304464024813,-0.5336482509806324,-0.5219170396040185,0.4370942781240228,0.4896716278664808,
0.44579318334295803,-0.617970907332442,-0.2759937614533077,-0.7148337207865463,0.5944510575030382,
outputWeight:
-0.9982959986040869,0.9541276856981995,0.7036722500438208,0.9353377186697573,0.6536102740502294,
1 2 3 4 5 6 7 8 9 10 11 12 13 14 15 16 17 18 19 20 21 22 23 24 25 26 27 28 29 30 31 32 33 34 35 36 37 38 39 40 41 42 43 44 45 46 47 48 49 50 51 52 53 54 55 56 57 58 59 60 61 62 63 64 65 66 67 68 69 70 71 72 73 74 75 76 77 78 79 80 81 82 83 84 85 86 87 88 89 90 91 92 93 94 95 96 97 98 99 100 
top in 61:3121,3127000
inputWeight:
-0.04735830706966104,-0.452320873171131,-0.18138162430974436,-0.5926210479703011,-0.4575365319631557,
0.9515135148632308,-0.33685422500884465,0.8668337796398902,-0.8484452606012503,0.7524937683181936,
0.45874041149552225,0.8831526769686178,0.2746113118385818,0.38991594346493463,-0.0018673147500900544,
0.4844498432299684,0.9722635794463839,-0.4208989304091044,-0.36810162063428575,0.8801081117562075,
0.047477044306492244,-0.5353943802173218,0.9059080394937717,-0.2908276789069735,-0.4883407886108775,
0.9040130301713074,-0.7046762964807842,-0.22099824582726568,-0.12979157549637121,-0.08513750016371335,
0.21687882257182411,-0.9474854629475575,0.3813591198017876,0.3169288958838634,0.6971113181179442,
0.2912404753609539,0.3633965354399429,0.35482401236122696,-0.8463266124331534,0.29773861197661766,
outputWeight:
-0.9982959986040869,0.9541276856981995,0.7036722500438208,0.9353377186697573,0.6536102740502294,
1 2 3 4 5 6 7 8 9 10 11 12 13 14 15 16 17 18 19 20 21 22 23 24 25 26 27 28 29 30 31 32 33 34 35 36 37 38 39 40 41 42 43 44 45 46 47 48 49 50 51 52 53 54 55 56 57 58 59 60 61 62 63 64 65 66 67 68 69 70 71 72 73 74 75 76 77 78 79 80 81 82 83 84 85 86 87 88 89 90 91 92 93 94 95 96 97 98 99 100 
top in 62:31,31000
inputWeight:
-0.8431582234917521,0.23683522405469226,0.9098201868957678,-0.5926210479703011,-0.4575365319631557,
-0.6027400370795959,-0.12912023702451858,-0.038686155758171026,0.5623026737582424,0.7524937683181936,
0.45874041149552225,0.9031024990794234,-0.4215509960858681,-0.21912042886623717,-0.0018673147500900544,
0.939894169560133,0.22694108577998562,0.5825958713976329,-0.7055989976196311,0.9751298815213916,
0.28222378212751376,0.525703878308498,0.21065742255021647,-0.22573336320909831,-0.6085948185239072,
-0.4438661614083288,0.8587154323909554,-0.21124793731559421,-0.9696545528393361,0.23800289079820192,
-0.5220239614756472,-0.3741293146661251,0.486018318396944,-0.40939308223002824,0.17698702492481644,
-0.9817969209031077,-0.3659781533910813,0.9216841391215189,0.6603289932618885,-0.3985642147696469,
outputWeight:
-0.9982959986040869,0.9541276856981995,0.7036722500438208,0.9353377186697573,0.6536102740502294,
1 2 3 4 5 6 7 8 9 10 11 12 13 14 15 16 17 18 19 20 21 22 23 24 25 26 27 28 29 30 31 32 33 34 35 36 37 38 39 40 41 42 43 44 45 46 47 48 49 50 51 52 53 54 55 56 57 58 59 60 61 62 63 64 65 66 67 68 69 70 71 72 73 74 75 76 77 78 79 80 81 82 83 84 85 86 87 88 89 90 91 92 93 94 95 96 97 98 99 100 
top in 63:366,372000
inputWeight:
0.9865940953848393,0.6622037485940597,0.9889062352727214,0.6969739129058581,0.8570702282164084,
0.8945902256779974,-0.9162245897622596,-0.038686155758171026,-0.545007414632799,0.561142665970773,
-0.39261311199664606,-0.21291511562556753,0.6258000668258847,-0.8848992557143953,0.16830297088294643,
0.5345440200967284,0.8733504827180767,0.5825958713976329,0.9897026423419466,-0.6695680251615386,
-0.39659307457851134,0.6659959619737503,0.1914731144659192,-0.7963889148936791,0.7079496700494394,
-0.7977926930744079,-0.8658615376057934,0.43092837872197487,0.15968212194803066,-0.7553866505281823,
0.04061279158439279,-0.44498042408022775,0.4443685345293942,-0.801690248557094,-0.14565029875930957,
0.2739105164411735,-0.3659781533910813,0.20442181858665576,-0.6408865728321531,0.11234978653159566,
outputWeight:
-0.9982959986040869,0.9541276856981995,0.7036722500438208,0.9353377186697573,0.6536102740502294,
1 2 3 4 5 6 7 8 9 10 11 12 13 14 15 16 17 18 19 20 21 22 23 24 25 26 27 28 29 30 31 32 33 34 35 36 37 38 39 40 41 42 43 44 45 46 47 48 49 50 51 52 53 54 55 56 57 58 59 60 61 62 63 64 65 66 67 68 69 70 71 72 73 74 75 76 77 78 79 80 81 82 83 84 85 86 87 88 89 90 91 92 93 94 95 96 97 98 99 100 
top in 64:3048,3050000
inputWeight:
0.49604230300183394,-0.374989503798975,-0.7288500372943374,-0.24792609343795635,-0.7552405223510503,
0.020107903867987442,-0.9162245897622596,0.03792701794484632,-0.545007414632799,-0.6979733814052975,
-0.19232533271224228,0.055894179083406215,-0.7305411402597515,-0.43125503259453524,-0.5200915511533808,
-0.8539016240796211,-0.25822943350741223,-0.5712991176389524,0.9201913071305121,0.7579315711017485,
0.21643047353317124,-0.8380433162009864,-0.5618732627957028,0.4204921339745593,0.8805848438833339,
0.5865500707056932,0.011529615534086934,0.2160399565431197,0.15968212194803066,-0.23623397017292636,
-0.8633076549438099,-0.821332163239197,-0.584608991411876,-0.41440986948236547,-0.22500989798872384,
0.5610003321800017,-0.7464290267223563,0.4721440069091758,-0.3445527460023543,-0.7677531907953941,
outputWeight:
-0.9982959986040869,0.9541276856981995,0.7036722500438208,0.9353377186697573,0.6536102740502294,
1 2 3 4 5 6 7 8 9 10 11 12 13 14 15 16 17 18 19 20 21 22 23 24 25 26 27 28 29 30 31 32 33 34 35 36 37 38 39 40 41 42 43 44 45 46 47 48 49 50 51 52 53 54 55 56 57 58 59 60 61 62 63 64 65 66 67 68 69 70 71 72 73 74 75 76 77 78 79 80 81 82 83 84 85 86 87 88 89 90 91 92 93 94 95 96 97 98 99 100 
top in 65:640,640000
inputWeight:
0.9824723771284296,-0.9944694849250757,-0.8808065033962071,0.29935426779810537,0.8453948009379393,
-0.2354882512823342,-0.31932390305636504,-0.597337081786258,-0.545007414632799,-0.7348857747621185,
-0.323530917773859,-0.18657991873633262,0.8145422221909417,0.8782755805153093,-0.15963113747485047,
-0.8539016240796211,-0.6428621152032685,0.36799993457233393,-0.2861407002013312,0.3302910027011219,
-0.5528893460244892,-0.1423929398503263,0.3754658501534194,-0.7763186099911956,0.7853585859142245,
-0.6850320357906301,0.31428915833700066,-0.005862015611234339,-0.7203049631756657,-0.5634245235823199,
0.17245119603207493,0.07483644797239242,0.31825190180670937,0.47817632412895983,-0.22500989798872384,
0.5610003321800017,-0.7464290267223563,-0.8776826248682046,0.7663694034217556,-0.7677531907953941,
outputWeight:
-0.9982959986040869,0.9541276856981995,0.7036722500438208,0.9353377186697573,0.6536102740502294,
1 2 3 4 5 6 7 8 9 10 11 12 13 14 15 16 17 18 19 20 21 22 23 24 25 26 27 28 29 30 31 32 33 34 35 36 37 38 39 40 41 42 43 44 45 46 47 48 49 50 51 52 53 54 55 56 57 58 59 60 61 62 63 64 65 66 67 68 69 70 71 72 73 74 75 76 77 78 79 80 81 82 83 84 85 86 87 88 89 90 91 92 93 94 95 96 97 98 99 100 
top in 66:992,992000
inputWeight:
0.5881543938917981,0.8203132442373839,0.983336390012727,0.29935426779810537,0.5698795637067808,
0.09837802139933549,0.8137254367466653,-0.11929090382187435,-0.3899871455492405,0.8725623615214768,
-0.5091946639887577,-0.1535950677941138,0.8145422221909417,-0.8866602336786349,0.9967200371360687,
-0.8539016240796211,-0.33140933428057884,-0.5510048294117356,0.6933308264005555,-0.46891646192036585,
-0.36003368410635117,-0.042925722254416154,-0.7986093207149758,-0.11192791825597781,0.7652514993795512,
0.4831057384514039,0.7530853503811328,-0.43597510000641493,0.3721716879018089,0.08843745398806391,
-0.4447456022924352,0.03569262299529408,-0.8412036020724867,0.15661246672261764,-0.9401299974066162,
-0.5163972189917905,-0.9296823744151517,-0.7127601908950736,0.2454468520326838,0.2132304641666356,
outputWeight:
-0.9982959986040869,0.9541276856981995,0.7036722500438208,0.9353377186697573,0.6536102740502294,
1 2 3 4 5 6 7 8 9 10 11 12 13 14 15 16 17 18 19 20 21 22 23 24 25 26 27 28 29 30 31 32 33 34 35 36 37 38 39 40 41 42 43 44 45 46 47 48 49 50 51 52 53 54 55 56 57 58 59 60 61 62 63 64 65 66 67 68 69 70 71 72 73 74 75 76 77 78 79 80 81 82 83 84 85 86 87 88 89 90 91 92 93 94 95 96 97 98 99 100 
top in 67:3578,3581000
inputWeight:
0.49428171716636915,0.13389017618553978,-0.4009066099978833,0.7709034790246505,0.47919892249277507,
0.2517766133555086,-0.7012478297476163,-0.42889061423402075,-0.9376561403300847,0.2778034816126793,
0.5406910868893586,-0.27371041934496465,-0.947387931668213,0.7103777394046284,-0.3994535005468127,
-0.7441339050891977,0.4303446759903722,-0.5510048294117356,0.9055498222128902,-0.20453102665012057,
0.47263385008232217,0.39132481231565763,-0.7986093207149758,-0.7492907938924911,0.38395636752274576,
0.8775728195603287,-0.1752924709570587,0.12561867480560873,-0.5172483510316626,0.3136552166854907,
-0.806539539479525,-0.7739665306645627,-0.44195050236557165,0.15661246672261764,0.8095051597891978,
0.7603697197703116,-0.1477635793759544,-0.6446956189637258,-0.2818740231801884,-0.4067718210228337,
outputWeight:
-0.9982959986040869,0.9541276856981995,0.7036722500438208,0.9353377186697573,0.6536102740502294,
1 2 3 4 5 6 7 8 9 10 11 12 13 14 15 16 17 18 19 20 21 22 23 24 25 26 27 28 29 30 31 32 33 34 35 36 37 38 39 40 41 42 43 44 45 46 47 48 49 50 51 52 53 54 55 56 57 58 59 60 61 62 63 64 65 66 67 68 69 70 71 72 73 74 75 76 77 78 79 80 81 82 83 84 85 86 87 88 89 90 91 92 93 94 95 96 97 98 99 100 
top in 68:971,971000
inputWeight:
0.9247121094943285,0.4511120574023242,0.2583046136316507,-0.7842573928129524,-0.35682832295963895,
0.7979270787830655,0.16431209797088453,-0.6842863640369294,-0.6534708720974911,0.2127591389845398,
-0.7326512717591662,0.5306758104403031,0.7134859206477813,-0.6504225170794717,0.886526750754346,
0.5675485640955638,-0.8136078255590289,0.29078121079766417,-0.6159400452792185,-0.9119474304562196,
0.47263385008232217,0.37283261785847066,0.43649360656597014,-0.7492907938924911,-0.8592185806613444,
0.4906690037356065,-0.655899093859251,0.417734148721878,-0.5172483510316626,0.10052517752988877,
0.42925166574014306,0.04669631581044853,-0.2586212095144633,-0.2557396716888882,-0.6118373191939817,
0.7603697197703116,-0.49667099379281665,-0.7627443762972566,-0.23408798397263952,-0.05524072700710336,
outputWeight:
-0.9982959986040869,0.9541276856981995,0.7036722500438208,0.9353377186697573,0.6536102740502294,
1 2 3 4 5 6 7 8 9 10 11 12 13 14 15 16 17 18 19 20 21 22 23 24 25 26 27 28 29 30 31 32 33 34 35 36 37 38 39 40 41 42 43 44 45 46 47 48 49 50 51 52 53 54 55 56 57 58 59 60 61 62 63 64 65 66 67 68 69 70 71 72 73 74 75 76 77 78 79 80 81 82 83 84 85 86 87 88 89 90 91 92 93 94 95 96 97 98 99 100 
top in 69:3101,3121000
inputWeight:
0.3232636493588694,-0.8594695866567506,0.5052984990699938,-0.21868336971321645,-0.8572758393806634,
0.007553159543949084,-0.054478156562493885,0.7777706285230968,-0.6534708720974911,0.485752328676734,
0.33211234494524633,0.9437555900255445,0.7134859206477813,-0.5234464541881769,-0.8301245144400475,
0.3658034311782452,-0.8136078255590289,0.04188792309921152,-0.15448873974366073,0.7984872352713799,
-0.09497790659462058,-0.3900943207368124,-0.8070055061267871,0.4254994142129167,0.3700213021626213,
-0.17355831648332276,0.498871970604968,0.36694805152828436,-0.11540983252860149,-0.23719102648024237,
-0.4228268010940248,0.04669631581044853,0.010232613470150254,0.8581469271165736,0.03386405943417725,
-0.8130320421756418,0.3490164364605972,0.7945626367626595,-0.9219496714365831,-0.5287445261698174,
outputWeight:
-0.9982959986040869,0.9541276856981995,0.7036722500438208,0.9353377186697573,0.6536102740502294,
1 2 3 4 5 6 7 8 9 10 11 12 13 14 15 16 17 18 19 20 21 22 23 24 25 26 27 28 29 30 31 32 33 34 35 36 37 38 39 40 41 42 43 44 45 46 47 48 49 50 51 52 53 54 55 56 57 58 59 60 61 62 63 64 65 66 67 68 69 70 71 72 73 74 75 76 77 78 79 80 81 82 83 84 85 86 87 88 89 90 91 92 93 94 95 96 97 98 99 100 
top in 70:255,255000
inputWeight:
-0.9618208722374508,-0.055216167790845594,0.9633179679590045,-0.6804420771964121,-0.3732454056524972,
0.16392187776891154,-0.9129144318578963,0.04038675697944738,-0.17889073327012595,0.32960006103178974,
0.6651471290557158,0.9542365954330179,-0.74020924063926,0.8848322019943351,-0.40291513479774976,
-0.3316209726860815,-0.719048164007861,0.24785288791920967,-0.6270085813948678,-0.05776699031755572,
0.9781099896922445,0.34996237830217125,-0.219170882057369,-0.8403737664826774,0.21413451095888458,
0.9991029834221234,-0.23417689493787575,-0.7806449548821577,-0.34878405905100207,0.9210911306005882,
0.03172575296269642,-0.9105845091916176,0.010232613470150254,0.3663639819416733,-0.41295582217982507,
0.9998008769309747,-0.9549983378525173,0.7945626367626595,-0.2927152894264482,0.6981266077088555,
outputWeight:
-0.9982959986040869,0.9541276856981995,0.7036722500438208,0.9353377186697573,0.6536102740502294,
1 2 3 4 5 6 7 8 9 10 11 12 13 14 15 16 17 18 19 20 21 22 23 24 25 26 27 28 29 30 31 32 33 34 35 36 37 38 39 40 41 42 43 44 45 46 47 48 49 50 51 52 53 54 55 56 57 58 59 60 61 62 63 64 65 66 67 68 69 70 71 72 73 74 75 76 77 78 79 80 81 82 83 84 85 86 87 88 89 90 91 92 93 94 95 96 97 98 99 100 
top in 71:3485,3495000
inputWeight:
0.9093696427439844,-0.3305079769033057,0.6275569824709746,-0.47530527938166944,0.7265109186527534,
0.789838637186631,-0.9576810743327073,-0.010161590672546517,-0.5748098241587201,0.08166402626892699,
-0.30791997138850924,0.22553804621008067,-0.914182633914834,-0.7988826442960755,-0.1726991718144555,
0.31150159673486133,0.6507610887608406,-0.2811466133680329,0.07631843369082736,0.16790738441542885,
0.6034343075064357,-0.691979165968899,0.4384751987697162,-0.6507459575006977,0.9191710691365693,
0.7630661564053058,0.312748542937735,0.7383545358220704,-0.8045809020625134,-0.9987034819636187,
0.7566983376087217,0.07382822430469438,0.4335075481800008,0.1313309059756993,0.6670612778167733,
-0.8384577487724247,-0.6022404848032192,0.12542755782356974,-0.2635578430846457,-0.017892119468491785,
outputWeight:
-0.9982959986040869,0.9541276856981995,0.7036722500438208,0.9353377186697573,0.6536102740502294,
1 2 3 4 5 6 7 8 9 10 11 12 13 14 15 16 17 18 19 20 21 22 23 24 25 26 27 28 29 30 31 32 33 34 35 36 37 38 39 40 41 42 43 44 45 46 47 48 49 50 51 52 53 54 55 56 57 58 59 60 61 62 63 64 65 66 67 68 69 70 71 72 73 74 75 76 77 78 79 80 81 82 83 84 85 86 87 88 89 90 91 92 93 94 95 96 97 98 99 100 
top in 72:3433,3441000
inputWeight:
-0.9654423818571443,0.9985301634879096,0.855392399903983,-0.601785689752262,0.14422920702111086,
-0.3309517092694927,0.5000858332743523,0.14547058848007555,0.026671512914842932,0.5458846056758107,
0.8720267039571308,0.22553804621008067,0.15560345697819278,0.11580967179234825,0.6581739854885784,
-0.978597492662213,-0.5749785836143624,-0.5346817210569887,-0.20602122772719134,0.5475927991667011,
-0.7077714339913053,-0.4846512654340278,0.49964180830616534,-0.2364367461241179,0.05441062946263053,
0.9976116519405156,-0.20177062165652893,-0.6840007609923582,-0.5482617144037238,0.14191581871778025,
-0.3480045666895235,-0.8935984504255337,0.24461154237296645,-0.23222424054148227,0.6291942054806638,
0.5238205830957738,-0.6022404848032192,0.7333638383369137,0.6443418121819626,-0.9054128809874384,
outputWeight:
-0.9982959986040869,0.9541276856981995,0.7036722500438208,0.9353377186697573,0.6536102740502294,
1 2 3 4 5 6 7 8 9 10 11 12 13 14 15 16 17 18 19 20 21 22 23 24 25 26 27 28 29 30 31 32 33 34 35 36 37 38 39 40 41 42 43 44 45 46 47 48 49 50 51 52 53 54 55 56 57 58 59 60 61 62 63 64 65 66 67 68 69 70 71 72 73 74 75 76 77 78 79 80 81 82 83 84 85 86 87 88 89 90 91 92 93 94 95 96 97 98 99 100 
top in 73:106,106000
inputWeight:
-0.3872974311382731,-0.3529351966974992,-0.1480089987994777,0.8894765424116309,-0.02632322201051318,
-0.05019889745815331,0.1808924465840711,-0.5035560977475164,-0.8902470016461661,0.8292922150910713,
0.36139307901271756,0.14360751836599683,-0.3901047859015436,0.11580967179234825,0.828698066994235,
-0.08745713956687617,-0.5749785836143624,0.33125214909758394,0.8298548552894207,-0.40380584361576055,
-0.6708851165840977,-0.021529993596020258,0.49964180830616534,0.9824078614051985,0.05441062946263053,
-0.7697586366857494,-0.13040857451772436,0.4793742781559527,0.127550630255318,0.14191581871778025,
-0.3480045666895235,0.8434992048179866,0.3168718542276838,0.4945947004971545,-0.9381746358233354,
-0.022255609394681075,-0.5003121940797546,0.18935154906280793,0.10858884520321443,-0.9054128809874384,
outputWeight:
-0.9982959986040869,0.9541276856981995,0.7036722500438208,0.9353377186697573,0.6536102740502294,
1 2 3 4 5 6 7 8 9 10 11 12 13 14 15 16 17 18 19 20 21 22 23 24 25 26 27 28 29 30 31 32 33 34 35 36 37 38 39 40 41 42 43 44 45 46 47 48 49 50 51 52 53 54 55 56 57 58 59 60 61 62 63 64 65 66 67 68 69 70 71 72 73 74 75 76 77 78 79 80 81 82 83 84 85 86 87 88 89 90 91 92 93 94 95 96 97 98 99 100 
top in 74:22,22000
inputWeight:
-0.37646196588027836,0.8290974413896031,-0.47875941080946727,0.16818654880204398,0.3889951745877074,
0.5345199365068776,0.1389350620862677,-0.7582029006053621,0.6675204896589277,0.08699245020044244,
-0.7954166362738666,-0.7763071598459446,0.007138785054622954,0.23543857227832543,-0.3034966285075209,
-0.21528363733155897,0.19799455796298204,-0.09858637491541411,0.8298548552894207,-0.5878028071011503,
0.4131993022513696,0.7852082254830031,-0.9943552805511033,0.9481798339275107,-0.8661386648614369,
-0.5760873565101805,-0.31724889257828903,-0.06833279811528103,0.5957215051477436,-0.21072282677771215,
0.4164846582699402,0.17527099365384413,-0.931773076204615,-0.1455723068248238,0.5746526200257862,
-0.022255609394681075,-0.5003121940797546,0.48593930290087695,-0.9492150706225564,0.31923876989074196,
outputWeight:
-0.9982959986040869,0.9541276856981995,0.7036722500438208,0.9353377186697573,0.6536102740502294,
1 2 3 4 5 6 7 8 9 10 11 12 13 14 15 16 17 18 19 20 21 22 23 24 25 26 27 28 29 30 31 32 33 34 35 36 37 38 39 40 41 42 43 44 45 46 47 48 49 50 51 52 53 54 55 56 57 58 59 60 61 62 63 64 65 66 67 68 69 70 71 72 73 74 75 76 77 78 79 80 81 82 83 84 85 86 87 88 89 90 91 92 93 94 95 96 97 98 99 100 
top in 75:7,7000
inputWeight:
-0.9592648776796548,-0.600698994507521,-0.8518619458710204,0.6501851963354737,0.842963787352266,
0.20261073969157462,-0.8149496547867074,-0.9485334411920348,-0.8848626563306203,0.08699245020044244,
-0.9761413245910544,0.8098790602139561,0.7552402106492724,-0.7662420118658952,0.79290841558575,
-0.19318114907881268,0.9288662478475569,0.5704204207783443,0.7358539595211229,-0.5878028071011503,
-0.2473584849062902,0.7210674204061165,-0.2707675993011236,0.9481798339275107,-0.8661386648614369,
0.909225977584385,-0.7863450225258379,-0.4517420517952071,0.9766229470516061,0.2096071166642195,
-0.800655955122646,-0.019847739804535358,-0.28472200659733327,0.6329099824969251,-0.5556938940587257,
-0.8451568345310458,-0.9762393072458431,0.728710654931108,-0.4468592589855891,-0.43193559647389534,
outputWeight:
-0.9982959986040869,0.9541276856981995,0.7036722500438208,0.9353377186697573,0.6536102740502294,
1 2 3 4 5 6 7 8 9 10 11 12 13 14 15 16 17 18 19 20 21 22 23 24 25 26 27 28 29 30 31 32 33 34 35 36 37 38 39 40 41 42 43 44 45 46 47 48 49 50 51 52 53 54 55 56 57 58 59 60 61 62 63 64 65 66 67 68 69 70 71 72 73 74 75 76 77 78 79 80 81 82 83 84 85 86 87 88 89 90 91 92 93 94 95 96 97 98 99 100 
top in 76:24,24000
inputWeight:
-0.42892605727955546,0.024397948494434774,0.9226474304527499,0.6501851963354737,-0.41652584039968055,
-0.2323525004022151,0.12853842187700604,0.2996339086407571,-0.6225265629102474,0.08699245020044244,
0.5459539805156763,0.8098790602139561,0.9464900229170097,0.10253848870010529,0.79290841558575,
0.5401782435623492,-0.5690567154588309,0.7963685681340902,-0.2102283853782989,0.9093831520898203,
0.45272678219638185,-0.4185639783111663,-0.8663676017910924,0.004297387002291098,-0.8661386648614369,
-0.039881848559481625,0.3707950062698444,0.42310244157474086,-0.697761512376174,-0.3552096926030053,
0.11515820343408012,-0.4856331163596026,-0.029724384658251557,0.7565955243461688,-0.20706345193892028,
-0.2197641758987261,-0.4814199735103708,0.6314373571130136,0.47625855575672427,-0.9648100144471632,
outputWeight:
-0.9982959986040869,0.9541276856981995,0.7036722500438208,0.9353377186697573,0.6536102740502294,
1 2 3 4 5 6 7 8 9 10 11 12 13 14 15 16 17 18 19 20 21 22 23 24 25 26 27 28 29 30 31 32 33 34 35 36 37 38 39 40 41 42 43 44 45 46 47 48 49 50 51 52 53 54 55 56 57 58 59 60 61 62 63 64 65 66 67 68 69 70 71 72 73 74 75 76 77 78 79 80 81 82 83 84 85 86 87 88 89 90 91 92 93 94 95 96 97 98 99 100 
top in 77:7,7000
inputWeight:
-0.9391447019649655,0.4896406869252772,0.9226474304527499,0.6938378022785214,0.1918857056159191,
-0.22070573112407876,0.05930763437715947,-0.5880357134567358,0.0906908722799662,0.49082886273253834,
0.77152379321851,0.8098790602139561,-0.5140399927350496,0.710624315597715,0.79290841558575,
0.5401782435623492,-0.8518227365409388,0.7963685681340902,0.9822737342729915,-0.314125883542411,
0.4957461602575379,0.29375610232801996,0.7006928967768271,-0.9083923134571044,0.4535534015833813,
-0.8566193958999584,-0.6773905845295898,-0.6422443688331656,-0.7768297081477427,-0.1662215858861995,
0.5797425752150209,-0.740841967734861,0.9136732690196723,0.30603935038249164,-0.20706345193892028,
0.379228830092472,0.9741811180113171,0.4016996925743599,0.20053972676686516,-0.19802571974065342,
outputWeight:
-0.9982959986040869,0.9541276856981995,0.7036722500438208,0.9353377186697573,0.6536102740502294,
1 2 3 4 5 6 7 8 9 10 11 12 13 14 15 16 17 18 19 20 21 22 23 24 25 26 27 28 29 30 31 32 33 34 35 36 37 38 39 40 41 42 43 44 45 46 47 48 49 50 51 52 53 54 55 56 57 58 59 60 61 62 63 64 65 66 67 68 69 70 71 72 73 74 75 76 77 78 79 80 81 82 83 84 85 86 87 88 89 90 91 92 93 94 95 96 97 98 99 100 
top in 78:13,13000
inputWeight:
0.52638175364078,0.4330058911896828,0.9523824369230696,0.6872500108333048,-0.46441848677050257,
0.25044922776285916,-0.5718733787056862,0.014700226387857729,0.44550108549224054,0.49082886273253834,
0.3835241396859863,0.914326879949382,0.7499969126054329,0.9072603852842844,0.79290841558575,
-0.035630593735172855,0.243505367020189,-0.527609902894596,-0.5646419592153229,-0.6159755133048792,
0.06986468007111868,0.3654470013457829,0.7909023457693647,-0.22488155871431914,0.6399543328277482,
0.06757721706865016,-0.8969888979001295,-0.906740361982366,0.6979166846727163,0.2759094291793489,
-0.005079163750617122,-0.785166701241655,0.23077501816223567,0.9279535804030663,0.7591017426009223,
-0.3495171504694239,-0.48504959520736746,-0.4578706521901592,0.20053972676686516,0.3111554199942945,
outputWeight:
-0.9982959986040869,0.9541276856981995,0.7036722500438208,0.9353377186697573,0.6536102740502294,
1 2 3 4 5 6 7 8 9 10 11 12 13 14 15 16 17 18 19 20 21 22 23 24 25 26 27 28 29 30 31 32 33 34 35 36 37 38 39 40 41 42 43 44 45 46 47 48 49 50 51 52 53 54 55 56 57 58 59 60 61 62 63 64 65 66 67 68 69 70 71 72 73 74 75 76 77 78 79 80 81 82 83 84 85 86 87 88 89 90 91 92 93 94 95 96 97 98 99 100 
top in 79:3672,3684000
inputWeight:
-0.5880536081704864,-0.06240706867079404,-0.7487306922561376,0.4589550704829568,0.29812272576182064,
-0.5096519499666048,-0.3162208118258374,0.9014027247365672,0.4474935566889784,0.3730748257647196,
-0.19444651533206425,0.2834480271242181,-0.5589054527954895,-0.6084445603869655,0.04463032276034373,
0.659310366037045,-0.2141140333110294,-0.9227372196829675,-0.8554621637914146,0.6170387208208798,
-0.6746857646782156,0.3326026415966623,0.44308533152302565,0.03920593428204744,0.9315910371971328,
-0.05572701648814116,-0.3152759303787216,-0.7545807082022222,-0.6238776944715534,0.21885077352679105,
-0.31857194026399704,-0.22449705068876957,0.16249119254992928,-0.5681373791945465,-0.4715930209658816,
0.19433174157068467,-0.6196272365270008,0.3160609817040452,0.2760617693052694,0.41614255920980714,
outputWeight:
-0.9982959986040869,0.9541276856981995,0.7036722500438208,0.9353377186697573,0.6536102740502294,
1 2 3 4 5 6 7 8 9 10 11 12 13 14 15 16 17 18 19 20 21 22 23 24 25 26 27 28 29 30 31 32 33 34 35 36 37 38 39 40 41 42 43 44 45 46 47 48 49 50 51 52 53 54 55 56 57 58 59 60 61 62 63 64 65 66 67 68 69 70 71 72 73 74 75 76 77 78 79 80 81 82 83 84 85 86 87 88 89 90 91 92 93 94 95 96 97 98 99 100 
top in 80:1098,1100000
inputWeight:
-0.41081849949516647,-0.3603374357993483,0.2800935414335475,-0.6687301970509683,-0.3331107731549252,
-0.6483569758733694,0.45418604850429656,-0.24652193735805894,0.4227793725016544,-0.16106631018587492,
-0.6840750979825245,0.2834480271242181,-0.5589054527954895,-0.25713084238308137,-0.4403471501092977,
0.659310366037045,-0.12367077297653717,-0.4368686918903857,-0.6788767774854625,0.8288868639363736,
0.9836556158330723,0.3084404074072207,0.08786915933446915,-0.6360165490249747,-0.5323028093266202,
-0.5995010477599412,-0.3366864900116422,-0.8365668683928529,0.2977576312389112,0.21885077352679105,
-0.02375877193780518,-0.6271375809334552,-0.2971391292596728,0.35996907651246834,0.74085415155137,
-0.07788676106451375,-0.6196272365270008,-0.11721663204350197,0.3198757325000272,0.9089384296177525,
outputWeight:
-0.9982959986040869,0.9541276856981995,0.7036722500438208,0.9353377186697573,0.6536102740502294,
1 2 3 4 5 6 7 8 9 10 11 12 13 14 15 16 17 18 19 20 21 22 23 24 25 26 27 28 29 30 31 32 33 34 35 36 37 38 39 40 41 42 43 44 45 46 47 48 49 50 51 52 53 54 55 56 57 58 59 60 61 62 63 64 65 66 67 68 69 70 71 72 73 74 75 76 77 78 79 80 81 82 83 84 85 86 87 88 89 90 91 92 93 94 95 96 97 98 99 100 
top in 81:156,156000
inputWeight:
0.7351025638508626,0.7758731567706194,0.21410137523430284,0.11675543319891268,0.5256299270681062,
-0.8027214817777453,0.45418604850429656,0.10359388094301014,0.12441427760017687,-0.8969388855171909,
-0.6840750979825245,-0.5236432990059303,0.4121301569530229,-0.02679776364208153,-0.3158384305420041,
-0.9631536713063469,0.2377533957542486,-0.1519688223450233,-0.5530768065106813,-0.4529748833538647,
-0.38768520296144904,-0.8995881813083948,-0.7165543938428338,0.47969240914343847,-0.9624590540608666,
-0.30736173095587005,0.4296402685794516,-0.7183648561128684,-0.3615000358581708,0.2435738769823086,
-0.02375877193780518,0.9625984415562701,-0.45431755726230505,-0.48459825087774067,-0.6413936936957847,
-0.737910792568633,0.4987646972549309,-0.21350486515067124,-0.4342601345111352,-0.581566835573283,
outputWeight:
-0.9982959986040869,0.9541276856981995,0.7036722500438208,0.9353377186697573,0.6536102740502294,
1 2 3 4 5 6 7 8 9 10 11 12 13 14 15 16 17 18 19 20 21 22 23 24 25 26 27 28 29 30 31 32 33 34 35 36 37 38 39 40 41 42 43 44 45 46 47 48 49 50 51 52 53 54 55 56 57 58 59 60 61 62 63 64 65 66 67 68 69 70 71 72 73 74 75 76 77 78 79 80 81 82 83 84 85 86 87 88 89 90 91 92 93 94 95 96 97 98 99 100 
top in 82:135,136000
inputWeight:
0.9568850807565785,0.9670257837780691,-0.09010632779210859,0.11675543319891268,-0.4940810689296937,
0.3915726517684752,-0.5559156924530351,0.8380354240509011,0.89527740614386,0.6266429944611753,
-0.8268731167811736,0.6031459079738717,0.48483383248684464,-0.02679776364208153,0.7864465052308733,
0.12320548457485692,-0.36333409089513746,-0.41374261259275014,-0.17919177867461045,-0.4059590506764519,
-0.6542655448834545,-0.8772562820842904,-0.6589901766992516,-0.5684365283369712,-0.9624590540608666,
-0.5916472360425717,0.1861884813846606,0.9191639802207181,-0.9694995210552269,-0.6211860732380137,
-0.32340222255159556,-0.2639607235728314,-0.6439485350043834,0.06346320985455844,-0.4869801445811963,
0.923635864790811,0.15992105340536744,-0.9509846581173786,-0.24250550664722081,-0.10563377437907873,
outputWeight:
-0.9982959986040869,0.9541276856981995,0.7036722500438208,0.9353377186697573,0.6536102740502294,
1 2 3 4 5 6 7 8 9 10 11 12 13 14 15 16 17 18 19 20 21 22 23 24 25 26 27 28 29 30 31 32 33 34 35 36 37 38 39 40 41 42 43 44 45 46 47 48 49 50 51 52 53 54 55 56 57 58 59 60 61 62 63 64 65 66 67 68 69 70 71 72 73 74 75 76 77 78 79 80 81 82 83 84 85 86 87 88 89 90 91 92 93 94 95 96 97 98 99 100 
top in 83:2106,2113000
inputWeight:
-0.34930364526088375,-0.2844414183851962,0.7450865035289933,-0.8822915156510791,-0.7230559384163937,
0.24375414831977404,0.06316314690872993,-0.9471735877624641,-0.9825117811462545,0.3318703880395273,
-0.3141882382330816,-0.2295392537879517,0.818465046938232,-0.07404397388578787,-0.5365033352679809,
0.7914503606041465,-0.7413884545492837,0.43064668640973913,0.1761305778057385,0.7599277146143746,
-0.5514219844003039,0.7777421370231825,-0.8564680748409867,0.9573941666300243,-0.8903444066846249,
-0.002958308998911807,-0.2771428144405761,-0.39391524737429906,-0.28402449844351985,-0.6538594996984712,
-0.869913513770523,-0.2639607235728314,-0.4221925173688501,-0.9824772288882437,-0.6049320269374474,
-0.4371375768716781,0.15992105340536744,-0.2474444407013776,0.15223687859755874,0.6035309688768462,
outputWeight:
-0.9982959986040869,0.9541276856981995,0.7036722500438208,0.9353377186697573,0.6536102740502294,
1 2 3 4 5 6 7 8 9 10 11 12 13 14 15 16 17 18 19 20 21 22 23 24 25 26 27 28 29 30 31 32 33 34 35 36 37 38 39 40 41 42 43 44 45 46 47 48 49 50 51 52 53 54 55 56 57 58 59 60 61 62 63 64 65 66 67 68 69 70 71 72 73 74 75 76 77 78 79 80 81 82 83 84 85 86 87 88 89 90 91 92 93 94 95 96 97 98 99 100 
top in 84:3819,3834000
inputWeight:
0.764467013251364,-0.2844414183851962,0.6530149170201833,0.48199035707132487,-0.32930311738452356,
0.24375414831977404,-0.34114354201726904,-0.5002939744022745,0.2605893788255138,0.4055938743486187,
-0.6601083140266935,0.16424869527604158,-0.7985227350219533,0.568187213363931,0.9975717349248228,
0.16440053269188182,-0.18978235102706686,0.5464981040408847,-0.2534286597344162,-0.8366895793575617,
-0.8869221756923484,0.723329690294944,0.734196109821265,-0.5024982388234247,0.21024504486837636,
0.09255205017280166,0.17535118173185582,-0.492065332398371,0.28607386528695056,0.28248005206340143,
-0.9944629555572653,0.6530531087490479,0.904092967072446,0.7120305674605294,-0.5864157244853505,
0.5192053857872658,-0.765087142809924,0.19672969246240402,0.3554849904074071,0.2525619967114936,
outputWeight:
-0.9982959986040869,0.9541276856981995,0.7036722500438208,0.9353377186697573,0.6536102740502294,
1 2 3 4 5 6 7 8 9 10 11 12 13 14 15 16 17 18 19 20 21 22 23 24 25 26 27 28 29 30 31 32 33 34 35 36 37 38 39 40 41 42 43 44 45 46 47 48 49 50 51 52 53 54 55 56 57 58 59 60 61 62 63 64 65 66 67 68 69 70 71 72 73 74 75 76 77 78 79 80 81 82 83 84 85 86 87 88 89 90 91 92 93 94 95 96 97 98 99 100 
top in 85:399,399000
inputWeight:
0.13337678855506074,-0.2844414183851962,-0.3913654628521268,0.7942399931838093,-0.32930311738452356,
-0.9971280132752545,-0.34114354201726904,-0.5002939744022745,0.5691389082313543,-0.09119225289467092,
-0.42955619796483724,-0.5322590039097559,-0.01644443712623045,0.4674631512060179,0.8548473127875349,
-0.9158207103065785,-0.5956555549262261,0.745676720474348,0.9639211474397411,0.33442779010825463,
-0.8291374124329012,0.723329690294944,-0.4168599232343364,0.4218364051885424,-0.9017027448926593,
-0.9894060660816373,-0.6619651434558369,-0.4010141947525796,0.08230322413673408,-0.5486805294485637,
0.7218199978733391,0.5882205922777506,-0.5136713605321035,-0.27275855794931236,0.03448044447010856,
-0.8609172937712941,0.6960015583074712,0.27050831536652886,-0.36930169936666535,-0.7301428254697857,
outputWeight:
-0.9982959986040869,0.9541276856981995,0.7036722500438208,0.9353377186697573,0.6536102740502294,
1 2 3 4 5 6 7 8 9 10 11 12 13 14 15 16 17 18 19 20 21 22 23 24 25 26 27 28 29 30 31 32 33 34 35 36 37 38 39 40 41 42 43 44 45 46 47 48 49 50 51 52 53 54 55 56 57 58 59 60 61 62 63 64 65 66 67 68 69 70 71 72 73 74 75 76 77 78 79 80 81 82 83 84 85 86 87 88 89 90 91 92 93 94 95 96 97 98 99 100 
top in 86:132,132000
inputWeight:
0.13337678855506074,0.5392415639244519,0.14864023123408665,0.7942399931838093,0.7267093886565261,
0.22517171541702696,0.6708580238125026,0.9391163946527437,0.4013851382178195,-0.6851989697308307,
-0.7360059840461048,-0.43656223516169,0.8274853421332837,-0.04934340640164425,-0.25065354360720415,
-0.4669494788304185,0.06384899883307105,-0.4746933157208655,0.45619213868922803,-0.7062047809545746,
0.8444774043318817,0.31806290607807886,-0.23485044062931815,-0.8487137092562587,-0.9088480336285831,
0.555168953795204,0.5747081208911895,0.5052001874106791,-0.5220555941362044,0.7045492763909926,
-0.9075612141275133,-0.5120246240897344,0.012987763997519997,0.06397966581273073,-0.44907547957442917,
0.8214483679015532,0.3352480232736108,0.7235139768503056,-0.7479910077926091,-0.7301428254697857,
outputWeight:
-0.9982959986040869,0.9541276856981995,0.7036722500438208,0.9353377186697573,0.6536102740502294,
1 2 3 4 5 6 7 8 9 10 11 12 13 14 15 16 17 18 19 20 21 22 23 24 25 26 27 28 29 30 31 32 33 34 35 36 37 38 39 40 41 42 43 44 45 46 47 48 49 50 51 52 53 54 55 56 57 58 59 60 61 62 63 64 65 66 67 68 69 70 71 72 73 74 75 76 77 78 79 80 81 82 83 84 85 86 87 88 89 90 91 92 93 94 95 96 97 98 99 100 
top in 87:2665,2683000
inputWeight:
0.375702893180095,-0.7577499210796192,0.6367829249276533,0.40508736379450005,-0.21004639383080592,
0.8578216514961654,0.9229191699207011,0.40848930552106943,0.4013851382178195,0.3971233899775706,
-0.2532344922997347,0.043797891515001686,-0.48757239996413015,0.48084219367926573,-0.8861721296076928,
-0.8539296345274168,-0.8933899233881726,0.06772481222179993,-0.9413633422604915,-0.07480092801982474,
0.5455253930502335,-0.14480225015252635,-0.42445652360578934,-0.9335188274870057,-0.9088480336285831,
-0.14662223231818694,0.9301427485689862,-0.1379656341198343,0.7501150801774399,0.7086388869654916,
-0.10598434547995761,-0.5120246240897344,-0.694788955194866,0.5388249695892575,0.6578361900855985,
-0.1887645904822246,0.17350014132068936,-0.9328269244120815,0.1530004513424308,0.6069438679137766,
outputWeight:
-0.9982959986040869,0.9541276856981995,0.7036722500438208,0.9353377186697573,0.6536102740502294,
1 2 3 4 5 6 7 8 9 10 11 12 13 14 15 16 17 18 19 20 21 22 23 24 25 26 27 28 29 30 31 32 33 34 35 36 37 38 39 40 41 42 43 44 45 46 47 48 49 50 51 52 53 54 55 56 57 58 59 60 61 62 63 64 65 66 67 68 69 70 71 72 73 74 75 76 77 78 79 80 81 82 83 84 85 86 87 88 89 90 91 92 93 94 95 96 97 98 99 100 
top in 88:2421,2434000
inputWeight:
-0.8236904381351453,-0.14991731182970214,0.6367829249276533,0.23221197945418925,0.1022513084036607,
-0.6558540832700916,0.4736009687647369,-0.60494688768298,0.4013851382178195,0.20390470792681414,
0.6208964500355936,-0.0046117335140871685,-0.7371320579619562,-0.3250401294039731,0.7330147959075459,
0.2742947776646145,-0.8933899233881726,0.06772481222179993,-0.979649073154548,-0.6149520783611502,
0.248117745801677,-0.4893730733114221,-0.8713436380182658,-0.9335188274870057,-0.7234510280506967,
0.5716109099701951,-0.8384476539105368,-0.14621329092725643,-0.04107568856996169,-0.6300404812821874,
0.6137261075124854,-0.4772257946692502,-0.4772430816471591,0.0943352040707024,-0.1926263770389145,
0.5867637306457834,-0.9982160172490155,0.8715443138460688,0.926041425500759,-0.5662535520391239,
outputWeight:
-0.9982959986040869,0.9541276856981995,0.7036722500438208,0.9353377186697573,0.6536102740502294,
1 2 3 4 5 6 7 8 9 10 11 12 13 14 15 16 17 18 19 20 21 22 23 24 25 26 27 28 29 30 31 32 33 34 35 36 37 38 39 40 41 42 43 44 45 46 47 48 49 50 51 52 53 54 55 56 57 58 59 60 61 62 63 64 65 66 67 68 69 70 71 72 73 74 75 76 77 78 79 80 81 82 83 84 85 86 87 88 89 90 91 92 93 94 95 96 97 98 99 100 
top in 89:886,897000
inputWeight:
0.3694898104645046,-0.7340226288843119,-0.993900287325987,-0.08231179601755856,0.1022513084036607,
-0.16293194774701591,0.4736009687647369,0.862922395897957,0.8034628043352572,-0.5813075388785662,
-0.47934167658094595,0.4276635415538157,-0.7309979016214836,-0.00939961388486621,0.48601305283924323,
-0.32939934294501416,-0.9191518401840666,0.019727558354128316,-0.9115458897470792,0.49822551328073983,
-0.6912702562220334,0.9706399086661321,-0.6161825979435533,-0.29750014507874134,0.23854039230485813,
-0.45158362125501883,-0.1239377209589625,0.07037874995542692,0.8840229347100823,-0.013184183819244133,
0.35488736424370937,0.5845202763211417,-0.05661678321083752,0.0943352040707024,-0.9388992249768326,
0.6558676398883714,-0.412166396866537,0.8715443138460688,-0.7369503585199162,-0.3527934191087474,
outputWeight:
-0.9982959986040869,0.9541276856981995,0.7036722500438208,0.9353377186697573,0.6536102740502294,
1 2 3 4 5 6 7 8 9 10 11 12 13 14 15 16 17 18 19 20 21 22 23 24 25 26 27 28 29 30 31 32 33 34 35 36 37 38 39 40 41 42 43 44 45 46 47 48 49 50 51 52 53 54 55 56 57 58 59 60 61 62 63 64 65 66 67 68 69 70 71 72 73 74 75 76 77 78 79 80 81 82 83 84 85 86 87 88 89 90 91 92 93 94 95 96 97 98 99 100 
top in 90:5,5000
inputWeight:
-0.5082200868785387,0.905209171773389,-0.5237915956758412,0.5790589000771229,0.004400075944950066,
-0.16293194774701591,0.18854914864447125,0.5499817588411324,0.31483943872354225,-0.13121397878363195,
-0.033290646092074994,-0.5270416827748061,0.6416650343816672,-0.8258087038333368,0.5997899780790237,
-0.911886985949443,0.10891155971947453,-0.03435977394080769,0.9980429247207618,-0.061033053669141246,
-0.19280904685154732,-0.5848981164444498,-0.6161825979435533,-0.29750014507874134,0.7269542082168634,
0.018802547481005405,0.40582412515184085,0.6392785110368835,0.6141501067651871,0.6627371989506607,
0.431002228955653,0.6928244725327313,-0.07612565947327599,0.07417061306762007,-0.8959085897281216,
0.6748981609666447,0.5652229704557608,-0.6140791657999791,-0.7369503585199162,0.7551556068212819,
outputWeight:
-0.9982959986040869,0.9541276856981995,0.7036722500438208,0.9353377186697573,0.6536102740502294,
1 2 3 4 5 6 7 8 9 10 11 12 13 14 15 16 17 18 19 20 21 22 23 24 25 26 27 28 29 30 31 32 33 34 35 36 37 38 39 40 41 42 43 44 45 46 47 48 49 50 51 52 53 54 55 56 57 58 59 60 61 62 63 64 65 66 67 68 69 70 71 72 73 74 75 76 77 78 79 80 81 82 83 84 85 86 87 88 89 90 91 92 93 94 95 96 97 98 99 100 
top in 91:2,2000
inputWeight:
-0.9780416219413348,0.3060584661649479,-0.5237915956758412,0.335557165378229,-0.9844239369478209,
0.049861408330849066,0.18854914864447125,-0.9621567362671519,-0.5267768456237445,-0.9594012892764465,
0.43652484621115883,0.24563057120367326,-0.22081538192877148,0.0669223348579564,-0.7573544151578726,
-0.3506688253761199,0.03145281938208955,0.9683628968378228,-0.8548493989993955,-0.9879164881164917,
0.23256413670585618,-0.16501676715703817,0.8525841382749777,0.9413079004334959,0.9901631255151269,
0.15617410566969392,0.4506611613128815,0.130880097125053,-0.26343512894776744,0.6627371989506607,
-0.1824268397237243,0.5376370556904619,-0.07612565947327599,-0.49963600974872313,-0.5787063128289656,
-0.8057869061955583,0.21913558650262366,-0.0101716459871386,0.4011959879901905,0.5430397914426146,
outputWeight:
-0.9982959986040869,0.9541276856981995,0.7036722500438208,0.9353377186697573,0.6536102740502294,
1 2 3 4 5 6 7 8 9 10 11 12 13 14 15 16 17 18 19 20 21 22 23 24 25 26 27 28 29 30 31 32 33 34 35 36 37 38 39 40 41 42 43 44 45 46 47 48 49 50 51 52 53 54 55 56 57 58 59 60 61 62 63 64 65 66 67 68 69 70 71 72 73 74 75 76 77 78 79 80 81 82 83 84 85 86 87 88 89 90 91 92 93 94 95 96 97 98 99 100 
top in 92:143,143000
inputWeight:
-0.9780416219413348,0.49825214810884155,0.3962552275605584,-0.7697246360676155,0.9995158017508794,
-0.01381639794924272,0.14714806413661163,0.7184636421130484,-0.38468550013015923,0.48866624748866205,
-0.9070665702430116,0.24563057120367326,-0.1703273599703521,-0.7449591099712822,0.7623739122973086,
0.42201103328046163,-0.9322251402859962,-0.3239439357230698,0.944388199052385,-0.5749257090272459,
0.25329078955756024,-0.34609470967401634,-0.9623942206396325,0.058188991711485505,-0.9934135994794726,
0.36325459634015944,-0.8251680516933488,-0.9783443514022432,-0.896582040728308,-0.8266472921916503,
-0.9140559796575198,0.15796429687200408,-0.3522417019839086,-0.02417489635578507,-0.8083541113775312,
-0.24488576672320805,-0.6964774687706043,-0.0412440253434081,0.19748876976964835,0.5430397914426146,
outputWeight:
-0.9982959986040869,0.9541276856981995,0.7036722500438208,0.9353377186697573,0.6536102740502294,
1 2 3 4 5 6 7 8 9 10 11 12 13 14 15 16 17 18 19 20 21 22 23 24 25 26 27 28 29 30 31 32 33 34 35 36 37 38 39 40 41 42 43 44 45 46 47 48 49 50 51 52 53 54 55 56 57 58 59 60 61 62 63 64 65 66 67 68 69 70 71 72 73 74 75 76 77 78 79 80 81 82 83 84 85 86 87 88 89 90 91 92 93 94 95 96 97 98 99 100 
top in 93:3173,3182000
inputWeight:
0.550807537876286,0.9202972291321623,0.07317923614115318,-0.30238354580989024,0.7667126103171853,
-0.4167315122569015,-0.4668259376566266,0.5450922099465265,-0.4982448461055837,-0.12479633129771162,
-0.7007153744127912,-0.3788504227420135,0.8156024216981441,0.014300026761974394,-0.16875438342521232,
0.32358978597588295,0.07315770917805953,-0.3239439357230698,-0.4180061110317477,-0.021275265175017655,
0.22567095258933123,-0.8074074760744341,0.6811368911048465,0.7668705706248997,0.4342320499601633,
-0.4458262128029815,-0.2987684940968094,0.2555543941710692,-0.27881921061938386,0.781172544045774,
-0.9555599437408013,0.15796429687200408,-0.16814554550150174,-0.6679387264621435,-0.06306414534741167,
-0.555009837707318,0.8178293234919025,-0.11239195581940353,0.19748876976964835,-0.15414780327543043,
outputWeight:
-0.9982959986040869,0.9541276856981995,0.7036722500438208,0.9353377186697573,0.6536102740502294,
1 2 3 4 5 6 7 8 9 10 11 12 13 14 15 16 17 18 19 20 21 22 23 24 25 26 27 28 29 30 31 32 33 34 35 36 37 38 39 40 41 42 43 44 45 46 47 48 49 50 51 52 53 54 55 56 57 58 59 60 61 62 63 64 65 66 67 68 69 70 71 72 73 74 75 76 77 78 79 80 81 82 83 84 85 86 87 88 89 90 91 92 93 94 95 96 97 98 99 100 
top in 94:29,29000
inputWeight:
-0.9319126737092462,-0.5101431541083288,-0.5698151428405187,0.7523224320118085,0.6843921820219772,
0.5873238860673784,0.01905620855758472,0.04063434350986239,-0.26812632672869685,0.9822118201074015,
0.5255978036761222,-0.747518557495976,-0.5528641095967399,-0.03704668652587606,0.5743002138502569,
-0.3006207097731257,-0.10310506511849171,0.3999596582391045,0.798365006213301,0.3494285842565088,
0.9149623015738209,0.1371582533329887,-0.25932059941503405,-0.5539533614087864,-0.22368974882175174,
-0.4458262128029815,-0.19218905466688585,-0.18342680151237234,0.7134259304000401,-0.2011921324877617,
0.4630252534364836,0.8415642089029725,-0.49718188474977554,-0.875276220599261,0.4857745418438004,
0.3159934831753215,0.8178293234919025,-0.5741800696049661,-0.6320322809951282,0.5522029171737222,
outputWeight:
-0.9982959986040869,0.9541276856981995,0.7036722500438208,0.9353377186697573,0.6536102740502294,
1 2 3 4 5 6 7 8 9 10 11 12 13 14 15 16 17 18 19 20 21 22 23 24 25 26 27 28 29 30 31 32 33 34 35 36 37 38 39 40 41 42 43 44 45 46 47 48 49 50 51 52 53 54 55 56 57 58 59 60 61 62 63 64 65 66 67 68 69 70 71 72 73 74 75 76 77 78 79 80 81 82 83 84 85 86 87 88 89 90 91 92 93 94 95 96 97 98 99 100 
top in 95:3,3000
inputWeight:
-0.3769515553956493,0.40269673951834495,0.6209509845393164,0.7832241376947289,0.026821318584215215,
-0.04888611652902308,-0.6156146007460208,-0.5168974826184161,-0.26812632672869685,-0.9861226833850396,
0.8295288398537066,0.23207806314997104,-0.6910925315254421,-0.4783442944697933,-0.1888694195207654,
0.07173421446255346,-0.10310506511849171,0.5168752679092967,-0.06303356074087052,0.7406207370205542,
-0.4605286263518542,0.5268350316561403,0.6978419289227786,0.07359477331685182,-0.667174235532132,
-0.4458262128029815,0.559282206682638,0.24309389798481007,0.7134259304000401,0.47869489752718763,
-0.5587248332298449,0.4477384242909346,0.5538617299780437,0.7065070438367136,0.4857745418438004,
-0.20890769022845967,-0.017886273659758922,0.23928106455444142,0.5715383928263462,0.5689159392993255,
outputWeight:
-0.9982959986040869,0.9541276856981995,0.7036722500438208,0.9353377186697573,0.6536102740502294,
1 2 3 4 5 6 7 8 9 10 11 12 13 14 15 16 17 18 19 20 21 22 23 24 25 26 27 28 29 30 31 32 33 34 35 36 37 38 39 40 41 42 43 44 45 46 47 48 49 50 51 52 53 54 55 56 57 58 59 60 61 62 63 64 65 66 67 68 69 70 71 72 73 74 75 76 77 78 79 80 81 82 83 84 85 86 87 88 89 90 91 92 93 94 95 96 97 98 99 100 
top in 96:25,25000
inputWeight:
0.9206135684769281,0.14613165298159814,0.6209509845393164,0.1982980618539325,-0.3788170903106187,
0.7726743857603737,-0.6156146007460208,0.1132981437745808,-0.305048302349064,-0.5499609345778629,
0.23928504572818632,0.7774792831456507,0.8006267526824027,0.7851605083171858,0.7213846971795741,
-0.43286059371251917,0.043675293945978355,0.43599684102568603,0.7272648735953076,-0.2839230398626793,
-0.4605286263518542,0.3131984062629134,0.32338270298520055,0.9198476560322164,-0.3374760877201437,
-0.4458262128029815,-0.10012910306474931,0.985141336919185,0.08764426882050036,-0.8050699643095216,
-0.7269292971608978,-0.0651378151775639,-0.6560008525903804,-0.09984645931968061,-0.8312485873099724,
-0.6204971333180156,-0.9584278251215304,-0.9738353597379554,-0.3209533591616105,-0.16089895439432378,
outputWeight:
-0.9982959986040869,0.9541276856981995,0.7036722500438208,0.9353377186697573,0.6536102740502294,
1 2 3 4 5 6 7 8 9 10 11 12 13 14 15 16 17 18 19 20 21 22 23 24 25 26 27 28 29 30 31 32 33 34 35 36 37 38 39 40 41 42 43 44 45 46 47 48 49 50 51 52 53 54 55 56 57 58 59 60 61 62 63 64 65 66 67 68 69 70 71 72 73 74 75 76 77 78 79 80 81 82 83 84 85 86 87 88 89 90 91 92 93 94 95 96 97 98 99 100 
top in 97:14,14000
inputWeight:
0.9447276717524606,-0.842554802645707,0.6209509845393164,-0.29948115499083094,0.658926868951845,
0.4966046289571475,0.39159616247878803,0.05014924430521095,0.42909499777858406,0.12810596963312437,
0.6838174380465716,0.957615875954424,-0.17880800963932053,-0.2285381977862586,0.7213846971795741,
-0.8797912613321051,0.1136260123648627,-0.7007493792089032,-0.6753319942570064,-0.8291293443111152,
-0.6086663917682154,0.9302960914094178,-0.4449682753711215,-0.5871630657628639,0.9161014344245362,
0.8879847934000185,-0.44650895063414486,-0.5568890251731533,0.11075526617607467,0.26974002307803646,
0.7010735231086573,-0.0651378151775639,0.3986670716091507,0.4281729962567127,-0.19904153515188816,
0.7213434048505387,-0.6583636704602858,-0.8501996497633539,0.6118957358005459,-0.8632684930230041,
outputWeight:
-0.9982959986040869,0.9541276856981995,0.7036722500438208,0.9353377186697573,0.6536102740502294,
1 2 3 4 5 6 7 8 9 10 11 12 13 14 15 16 17 18 19 20 21 22 23 24 25 26 27 28 29 30 31 32 33 34 35 36 37 38 39 40 41 42 43 44 45 46 47 48 49 50 51 52 53 54 55 56 57 58 59 60 61 62 63 64 65 66 67 68 69 70 71 72 73 74 75 76 77 78 79 80 81 82 83 84 85 86 87 88 89 90 91 92 93 94 95 96 97 98 99 100 
top in 98:761,761000
inputWeight:
0.774544238395136,-0.23549458835582526,0.5252069634607883,-0.8631140204436072,0.7187444628822586,
0.760428227374419,0.2424387894491391,0.09927009953290677,0.42909499777858406,-0.9206078588733249,
0.12697749478281528,-0.23133941439002048,-0.17880800963932053,-0.5884982031157497,-0.6704025524967674,
-0.8034194626816806,-0.04721303189937909,-0.600094116918164,-0.7037621478183467,0.8944237746001378,
0.7388474988582467,0.11200048963641662,0.6933665800113633,-0.6288567578593987,0.7319638804238373,
0.4177644293870313,0.15870138893829178,0.3991223147270513,-0.3337235740600004,0.1366405135635429,
-0.22102940879175992,0.8708326248637397,-0.7623133541241209,-0.8013936611241019,0.5719162630585972,
-0.6464949689201078,-0.08087524373938937,-0.07011461169767985,0.9596839265831514,-0.9594284121482122,
outputWeight:
-0.9982959986040869,0.9541276856981995,0.7036722500438208,0.9353377186697573,0.6536102740502294,
1 2 3 4 5 6 7 8 9 10 11 12 13 14 15 16 17 18 19 20 21 22 23 24 25 26 27 28 29 30 31 32 33 34 35 36 37 38 39 40 41 42 43 44 45 46 47 48 49 50 51 52 53 54 55 56 57 58 59 60 61 62 63 64 65 66 67 68 69 70 71 72 73 74 75 76 77 78 79 80 81 82 83 84 85 86 87 88 89 90 91 92 93 94 95 96 97 98 99 100 
top in 99:1182,1183000
inputWeight:
0.6706980305942605,0.681865836486933,0.6626121592688909,0.5404353995506357,0.7143853965291305,
-0.8115253623355911,0.2424387894491391,-0.4171223838751781,0.42909499777858406,0.886373279851185,
-0.8265323544033525,-0.09063749249660313,0.24955189092799346,0.3847933863979953,0.3218942831637932,
-0.7567734383953275,0.5610378993543865,-0.9150578114494967,0.6539861812236627,0.20402076049309015,
0.38268357190955093,-0.20266829276610832,0.6219574535080172,0.1253643870383463,-0.15122421672506636,
-0.16232243807370117,0.8836346893645934,-0.7296049090290389,0.5943698719328832,-0.8036617136401083,
-0.921066787594548,0.24347717485383846,-0.7623133541241209,-0.34674855388374937,-0.9830977466943995,
-0.8146491214833491,-0.05643534415286844,-0.8199871736135851,-0.01612681556261597,0.25814580813690147,
outputWeight:
-0.9982959986040869,0.9541276856981995,0.7036722500438208,0.9353377186697573,0.6536102740502294,
1 2 3 4 5 6 7 8 9 10 11 12 13 14 15 16 17 18 19 20 21 22 23 24 25 26 27 28 29 30 31 32 33 34 35 36 37 38 39 40 41 42 43 44 45 46 47 48 49 50 51 52 53 54 55 56 57 58 59 60 61 62 63 64 65 66 67 68 69 70 71 72 73 74 75 76 77 78 79 80 81 82 83 84 85 86 87 88 89 90 91 92 93 94 95 96 97 98 99 100 
top in 100:4,4000
inputWeight:
0.6177544147763601,-0.21968531980224038,-0.5990484496802022,0.8642479377028023,-0.2440672451675907,
-0.4616665419002324,0.4060823935190192,0.2921564973236912,0.9491262226089434,0.7862698200532259,
0.22729382503329632,-0.5688147371423338,0.15495266290401566,0.9413969240007596,-0.6873918270831112,
0.7236282854765992,0.2518854783792801,0.9823052892833242,0.4934492140137374,-0.7496923718009838,
-0.9278745976008387,0.7057985232698261,-0.5399125458505394,0.3850606738030764,0.8914486546279508,
-0.906438233607499,0.5759845709851652,-0.22080139815218125,0.5943698719328832,-0.4418208751083823,
0.7310626142557222,-0.33688504900284055,-0.49440582259203736,-0.34674855388374937,-0.6725017753268856,
0.455061209135619,0.7494637791013012,0.6821885449847485,-0.42072536943249794,0.25814580813690147,
outputWeight:
-0.9982959986040869,0.9541276856981995,0.7036722500438208,0.9353377186697573,0.6536102740502294,
1 2 3 4 5 6 7 8 9 10 11 12 13 14 15 16 17 18 19 20 21 22 23 24 25 26 27 28 29 30 31 32 33 34 35 36 37 38 39 40 41 42 43 44 45 46 47 48 49 50 51 52 53 54 55 56 57 58 59 60 61 62 63 64 65 66 67 68 69 70 71 72 73 74 75 76 77 78 79 80 81 82 83 84 85 86 87 88 89 90 91 92 93 94 95 96 97 98 99 100 
top in 101:1762,1768000
inputWeight:
0.7849464912639692,-0.9302484250577876,-0.9852617231885274,0.9328018174545605,-0.20900810121418956,
0.4348158842938914,0.4060823935190192,0.25303857155593823,0.9491262226089434,0.7862698200532259,
-0.02337651918126027,0.2766176325070966,-0.9785889246584882,0.5968120082175385,0.8221520433736744,
0.735868409392471,-0.43189807119507684,0.9823052892833242,0.23262930466724696,0.18418287252402,
0.15064545566269838,-0.7152569773168815,-0.10839305790016684,-0.905261948536036,0.06014090881278533,
0.5193355745926338,-0.5383027567945411,0.9227350816631041,-0.19278761092049024,-0.07889828680309874,
0.9475850752427541,0.7131588426702367,-0.33484713441929004,0.5958467266361085,0.48398750506349253,
-0.3951737555034873,0.010886618490036692,0.04207705237751158,0.5981073940845494,0.1284411203469933,
outputWeight:
-0.9982959986040869,0.9541276856981995,0.7036722500438208,0.9353377186697573,0.6536102740502294,
1 2 3 4 5 6 7 8 9 10 11 12 13 14 15 16 17 18 19 20 21 22 23 24 25 26 27 28 29 30 31 32 33 34 35 36 37 38 39 40 41 42 43 44 45 46 47 48 49 50 51 52 53 54 55 56 57 58 59 60 61 62 63 64 65 66 67 68 69 70 71 72 73 74 75 76 77 78 79 80 81 82 83 84 85 86 87 88 89 90 91 92 93 94 95 96 97 98 99 100 
top in 102:480,480000
inputWeight:
0.118816514915425,-0.5791765002253115,-0.007578867527960886,-0.7783699787817218,0.5875923084592096,
0.9834982568329864,-0.28293911406062944,-0.037007753492568796,-0.06072853610601392,0.7114027788223733,
-0.6192119474158029,0.46945379505953455,-0.42285412154163304,-0.8812505154709227,0.5110286604306138,
-0.4439830929335682,-0.43189807119507684,-0.2173034361932269,-0.6488723242182504,0.18418287252402,
-0.14376363720088725,-0.5956838806061273,-0.10839305790016684,0.6591062506728462,0.06014090881278533,
-0.7231652677525788,-0.845598798467136,0.5902288686144646,-0.21880273009264917,-0.6918738786033807,
0.02401279485340324,-0.2330691109027232,-0.842829635918944,-0.7497990333918099,-0.7199691296587396,
-0.11460273723844838,0.03024567801624456,-0.6598977745864123,0.2982781335360809,0.1284411203469933,
outputWeight:
-0.9982959986040869,0.9541276856981995,0.7036722500438208,0.9353377186697573,0.6536102740502294,
1 2 3 4 5 6 7 8 9 10 11 12 13 14 15 16 17 18 19 20 21 22 23 24 25 26 27 28 29 30 31 32 33 34 35 36 37 38 39 40 41 42 43 44 45 46 47 48 49 50 51 52 53 54 55 56 57 58 59 60 61 62 63 64 65 66 67 68 69 70 71 72 73 74 75 76 77 78 79 80 81 82 83 84 85 86 87 88 89 90 91 92 93 94 95 96 97 98 99 100 
top in 103:1053,1055000
inputWeight:
-0.6590732838525502,-0.8404227199255727,-0.7634780042662423,-0.7619577625910052,0.7384830713693102,
0.27313420510726494,-0.08836897012125866,0.41958349314632937,-0.281825720853353,-0.40834877413273607,
0.04757723571369521,0.5206309705048997,0.8390662740946999,0.009679499268215874,0.43222858225472205,
-0.8512825657708103,0.8354434610117112,0.1950706816586485,-0.43920590379865265,0.9879532923860248,
0.13779313405894134,-0.37491783569211545,-0.6970124904240425,0.25645079015719463,0.06014090881278533,
0.9224914749789013,-0.3024852812352976,0.5902288686144646,0.9199944743371322,-0.9572830018025207,
0.04018478916262924,-0.9477809722738415,0.7200192594612309,0.5645668059172224,-0.3048735411415744,
-0.08384341694419906,0.36602202358668334,-0.4560131705283168,-0.44968575899729446,0.1284411203469933,
outputWeight:
-0.9982959986040869,0.9541276856981995,0.7036722500438208,0.9353377186697573,0.6536102740502294,
1 2 3 4 5 6 7 8 9 10 11 12 13 14 15 16 17 18 19 20 21 22 23 24 25 26 27 28 29 30 31 32 33 34 35 36 37 38 39 40 41 42 43 44 45 46 47 48 49 50 51 52 53 54 55 56 57 58 59 60 61 62 63 64 65 66 67 68 69 70 71 72 73 74 75 76 77 78 79 80 81 82 83 84 85 86 87 88 89 90 91 92 93 94 95 96 97 98 99 100 
top in 104:16,16000
inputWeight:
-0.9689246971594698,-0.14725507778932867,-0.8739655102324717,0.7378764714916328,-0.8050429256130789,
0.6950261650814784,0.012934421609717583,-0.7682820616015464,-0.8800274179809744,0.11693505052935604,
0.05251712117740137,-0.673531285308856,-0.944078630710844,0.800039602405543,0.43222858225472205,
0.32420353290755344,0.259887749256962,-0.33282679927168024,0.8743271207626835,0.6206078247963369,
0.9175557591184678,-0.5227095483903692,0.9003753439180673,-0.9368637470550472,-0.6912421255034915,
0.04881689083008056,-0.2423977814668863,0.5902288686144646,-0.9961892183096712,0.41285245730365916,
-0.9774022867551875,-0.9477809722738415,0.21896277194817237,-0.5866608442971226,0.8117042770416656,
-0.9284627298414443,-0.45721832146132324,-0.7047862007531926,-0.8917038970098456,-0.9914568355718578,
outputWeight:
-0.9982959986040869,0.9541276856981995,0.7036722500438208,0.9353377186697573,0.6536102740502294,
1 2 3 4 5 6 7 8 9 10 11 12 13 14 15 16 17 18 19 20 21 22 23 24 25 26 27 28 29 30 31 32 33 34 35 36 37 38 39 40 41 42 43 44 45 46 47 48 49 50 51 52 53 54 55 56 57 58 59 60 61 62 63 64 65 66 67 68 69 70 71 72 73 74 75 76 77 78 79 80 81 82 83 84 85 86 87 88 89 90 91 92 93 94 95 96 97 98 99 100 
top in 105:24,24000
inputWeight:
0.016049067931598104,0.9934779846570558,-0.46582917873731566,0.314959932699866,-0.11681324136942428,
0.12949022710288727,0.28676360829609826,0.34817793408731257,0.9561054860223457,-0.972908583978036,
-0.02720115407990109,0.1687253088969929,0.6061207480346691,0.2918890070271454,0.5341686158917092,
0.7221265637002685,-0.8032234564776983,-0.5105968969635359,0.5932504960233556,-0.8585836510371039,
-0.07217399582762463,0.9370677598975834,0.1658736155560896,-0.28241584840458334,-0.29743095928175434,
-0.8583147305166077,0.42814260160589734,0.17831709913069038,0.7976567948704334,0.23140299743057247,
-0.750713705181222,0.06740627154599599,-0.13994222253357513,-0.36445321261113217,0.32406377484303595,
-0.9284627298414443,0.3929221372977483,-0.8779753688923244,-0.8917038970098456,-0.64835490062061,
outputWeight:
-0.9982959986040869,0.9541276856981995,0.7036722500438208,0.9353377186697573,0.6536102740502294,
1 2 3 4 5 6 7 8 9 10 11 12 13 14 15 16 17 18 19 20 21 22 23 24 25 26 27 28 29 30 31 32 33 34 35 36 37 38 39 40 41 42 43 44 45 46 47 48 49 50 51 52 53 54 55 56 57 58 59 60 61 62 63 64 65 66 67 68 69 70 71 72 73 74 75 76 77 78 79 80 81 82 83 84 85 86 87 88 89 90 91 92 93 94 95 96 97 98 99 100 
top in 106:100,100000
inputWeight:
0.3439063595759193,0.7152300270517129,0.8203370289121701,0.8696977607313026,0.9795970737029254,
-0.4858216165888136,0.016611464402727982,-0.0857770415216359,-0.1637725401398442,-0.9621163296916271,
0.6326446400649948,-0.2899792537286954,-0.7637961375331095,-0.20548544440213168,0.35657666776630914,
-0.39175165897604414,-0.07527837491714573,-0.5424908499645389,-0.1900428866265469,-0.8585836510371039,
-0.9179931844362017,-0.05816812259067161,-0.5418668273826086,0.17757575737158682,0.6317596349318637,
-0.2782262889155118,-0.9072289663801723,-0.9407169956792416,0.237300746561248,-0.14226637971580147,
-0.11867312743944014,-0.7551758555808674,-0.10557871372190064,0.7677488277584152,-0.2884290999745944,
-0.04689216045161437,0.13929559231930666,0.9329624594372121,-0.1276983544525947,0.8296380053649584,
outputWeight:
-0.9982959986040869,0.9541276856981995,0.7036722500438208,0.9353377186697573,0.6536102740502294,
1 2 3 4 5 6 7 8 9 10 11 12 13 14 15 16 17 18 19 20 21 22 23 24 25 26 27 28 29 30 31 32 33 34 35 36 37 38 39 40 41 42 43 44 45 46 47 48 49 50 51 52 53 54 55 56 57 58 59 60 61 62 63 64 65 66 67 68 69 70 71 72 73 74 75 76 77 78 79 80 81 82 83 84 85 86 87 88 89 90 91 92 93 94 95 96 97 98 99 100 
top in 107:120,120000
inputWeight:
-0.06370926848226888,0.8078076120400572,0.05330763084646528,0.8696977607313026,-0.2920929970880013,
0.01236974680053593,-0.7481915408924287,-0.9372724881961343,0.3512592264827392,-0.5277136482034186,
0.1569833428972398,0.5606965251036304,-0.7637961375331095,0.0017585371644106562,-0.2478560582910938,
-0.5361325867852229,-0.13426001624462836,-0.7660657555399508,0.23631511720224818,0.646151813905163,
-0.9179931844362017,-0.4723985212020785,0.6305028168660489,-0.6167181829701576,0.993008305060993,
-0.6186915725300048,-0.08395285375770722,-0.23524249543504672,0.49980161299277714,-0.9390432317005124,
0.8865088427348646,0.5586706479053869,-0.8374417598429196,-0.9734607081756121,0.25302108877771756,
-0.9738744246805893,-0.9688714339408744,0.3571355891151471,-0.25444494801283124,-0.5913365924852507,
outputWeight:
-0.9982959986040869,0.9541276856981995,0.7036722500438208,0.9353377186697573,0.6536102740502294,
1 2 3 4 5 6 7 8 9 10 11 12 13 14 15 16 17 18 19 20 21 22 23 24 25 26 27 28 29 30 31 32 33 34 35 36 37 38 39 40 41 42 43 44 45 46 47 48 49 50 51 52 53 54 55 56 57 58 59 60 61 62 63 64 65 66 67 68 69 70 71 72 73 74 75 76 77 78 79 80 81 82 83 84 85 86 87 88 89 90 91 92 93 94 95 96 97 98 99 100 
top in 108:50,50000
inputWeight:
0.8521735592846975,-0.03679268344136122,0.2200739084476253,0.21385041806633565,0.5154003310474438,
-0.45554511278284804,0.366456728005097,0.5410928771646728,0.43864877599535523,-0.5277136482034186,
0.3576577492209856,0.5606965251036304,0.5901489973616212,0.794111702976577,-0.3740261324304184,
-0.7131050220512651,-0.35688650448693604,0.37860248789744144,-0.9269015773165759,0.646151813905163,
-0.9290637527451293,-0.7284705536712721,-0.3724049686038371,-0.20207074688909255,-0.7843632496955524,
-0.5133826867912363,-0.08395285375770722,-0.2801852019567834,0.49980161299277714,-0.5955960203879336,
-0.7830804910671316,0.27097908727012054,0.35823729758934175,0.05641016931617404,-0.06112266036244196,
-0.291793847847825,-0.9688714339408744,-0.9330459750232007,-0.016821703432005286,-0.6952726060127461,
outputWeight:
-0.9982959986040869,0.9541276856981995,0.7036722500438208,0.9353377186697573,0.6536102740502294,
1 2 3 4 5 6 7 8 9 10 11 12 13 14 15 16 17 18 19 20 21 22 23 24 25 26 27 28 29 30 31 32 33 34 35 36 37 38 39 40 41 42 43 44 45 46 47 48 49 50 51 52 53 54 55 56 57 58 59 60 61 62 63 64 65 66 67 68 69 70 71 72 73 74 75 76 77 78 79 80 81 82 83 84 85 86 87 88 89 90 91 92 93 94 95 96 97 98 99 100 
top in 109:222,223000
inputWeight:
-0.07269945605512618,-0.8962509355498738,0.21896662112705312,-0.7001440225116078,-0.44976420858338795,
0.8485520898830896,-0.34378602921511625,0.010162248493795545,-0.7808186454375972,-0.4350222274276909,
-0.12494507904660845,0.5606965251036304,0.8762663025624078,0.9242408502641863,0.890586964323931,
0.02974724952946728,0.36554099935118134,-0.8813025891059165,-0.5825566753730804,-0.6536208645772728,
-0.9916054536405519,-0.7284705536712721,0.5836778711426849,0.6641479758191651,-0.3443489634250385,
0.7967444323543567,-0.5602508980201715,0.542954644635053,0.6536558349772341,0.9541585314719587,
-0.02005893057662722,0.6884892882761464,-0.3466312174439605,0.47453132470024606,-0.41199768398004455,
-0.7057239093935275,-0.9688714339408744,-0.08370715973269305,-0.8295092468653111,-0.9696637347142272,
outputWeight:
-0.9982959986040869,0.9541276856981995,0.7036722500438208,0.9353377186697573,0.6536102740502294,
1 2 3 4 5 6 7 8 9 10 11 12 13 14 15 16 17 18 19 20 21 22 23 24 25 26 27 28 29 30 31 32 33 34 35 36 37 38 39 40 41 42 43 44 45 46 47 48 49 50 51 52 53 54 55 56 57 58 59 60 61 62 63 64 65 66 67 68 69 70 71 72 73 74 75 76 77 78 79 80 81 82 83 84 85 86 87 88 89 90 91 92 93 94 95 96 97 98 99 100 
top in 110:1,1000
inputWeight:
0.43727848245031087,0.06953185961741881,-0.5525561416721945,0.9456721375934158,-0.44976420858338795,
0.9732133081593839,-0.8328716882318992,0.7838385274440212,-0.7261092498087629,-0.4350222274276909,
-0.12494507904660845,0.6718460128194537,-0.061862588341939695,-0.5133242911284221,0.9358859061350189,
0.02974724952946728,0.9338026781376554,-0.5641785713616048,-0.5825566753730804,0.4886029836929746,
-0.29157012069716326,-0.21092923578115252,0.5936782993979082,0.6445929518479705,0.19974415913461474,
-0.8059591432163049,-0.5089585126714604,0.7263187609695951,-0.9567059016474042,0.7910215123392821,
0.8264889874590009,-0.4771649924169665,0.9834093156490253,0.8704244586420025,-0.3339473083278486,
0.5804441010390515,0.32767375682530386,-0.20236951209730458,0.37225152627074887,-0.8182548508423662,
outputWeight:
-0.9982959986040869,0.9541276856981995,0.7036722500438208,0.9353377186697573,0.6536102740502294,
1 2 3 4 5 6 7 8 9 10 11 12 13 14 15 16 17 18 19 20 21 22 23 24 25 26 27 28 29 30 31 32 33 34 35 36 37 38 39 40 41 42 43 44 45 46 47 48 49 50 51 52 53 54 55 56 57 58 59 60 61 62 63 64 65 66 67 68 69 70 71 72 73 74 75 76 77 78 79 80 81 82 83 84 85 86 87 88 89 90 91 92 93 94 95 96 97 98 99 100 
top in 111:3,3000
inputWeight:
-0.9662985775480188,-0.3993333507598229,-0.5525561416721945,-0.9330510369601215,0.5182476159058678,
-0.9193812686491902,-0.8328716882318992,0.19151001804992407,-0.7985939350098441,-0.7401375471604343,
0.3397757562380861,0.7062583507781299,-0.6462652350850921,0.7256783253909649,0.3492177182224161,
0.4450108927496619,-0.003196246803824687,0.007999355099651773,-0.03194813516594719,-0.17755667550764387,
-0.3905804833422972,-0.0769544900874175,0.9534041817544581,0.6445929518479705,0.763561710823921,
-0.3784581016810591,-0.3599418400199619,0.7263187609695951,0.40911091741146643,-0.48062568896758284,
0.8264889874590009,0.5245143446368161,0.8614900171316622,-0.8621644092238674,0.8841446366863157,
0.5729507211074298,-0.8485226489415711,-0.1158891888359852,0.37225152627074887,-0.312363087833476,
outputWeight:
-0.9982959986040869,0.9541276856981995,0.7036722500438208,0.9353377186697573,0.6536102740502294,
1 2 3 4 5 6 7 8 9 10 11 12 13 14 15 16 17 18 19 20 21 22 23 24 25 26 27 28 29 30 31 32 33 34 35 36 37 38 39 40 41 42 43 44 45 46 47 48 49 50 51 52 53 54 55 56 57 58 59 60 61 62 63 64 65 66 67 68 69 70 71 72 73 74 75 76 77 78 79 80 81 82 83 84 85 86 87 88 89 90 91 92 93 94 95 96 97 98 99 100 
top in 112:682,687000
inputWeight:
0.29425279030047236,0.3093573137894916,-0.17735901675649135,0.6623729085664245,-0.2838111354207684,
0.29042806940327925,-0.9241762706627412,-0.056448340659357665,0.7275530793785216,0.21708430140302526,
0.07486482768229163,0.7062583507781299,0.44371471593647493,-0.5700247267573038,0.7292405757396225,
0.2681831380815962,0.710228695848967,-0.81587331674336,-0.03194813516594719,-0.09097614137191568,
-0.1392168632043349,-0.700416627427823,0.4264071188729066,0.9411208188616698,-0.426857778134043,
-0.16121744635450197,-0.7424333682653166,0.5292874504753253,0.40911091741146643,-0.48062568896758284,
-0.122927460283488,-0.22567195051171574,-0.29206256257396546,-0.6003732392827825,-0.48560793807212166,
-0.16920626565851693,-0.04547217401218573,0.9670203859132067,0.6972741051363591,-0.312363087833476,
outputWeight:
-0.9982959986040869,0.9541276856981995,0.7036722500438208,0.9353377186697573,0.6536102740502294,
1 2 3 4 5 6 7 8 9 10 11 12 13 14 15 16 17 18 19 20 21 22 23 24 25 26 27 28 29 30 31 32 33 34 35 36 37 38 39 40 41 42 43 44 45 46 47 48 49 50 51 52 53 54 55 56 57 58 59 60 61 62 63 64 65 66 67 68 69 70 71 72 73 74 75 76 77 78 79 80 81 82 83 84 85 86 87 88 89 90 91 92 93 94 95 96 97 98 99 100 
top in 113:3980,3991000
inputWeight:
-0.8605450419800846,0.3093573137894916,-0.12638992306733043,0.6623729085664245,-0.2838111354207684,
-0.17115500090877656,0.4032970751452656,-0.056448340659357665,0.07181462881701606,0.7562225061181016,
-0.00429216062509985,0.7062583507781299,-0.7019562344442694,-0.9913201507465466,0.6700400506421127,
0.08178826245362814,0.34622808594624477,-0.0773041956999645,0.8717739058548053,0.10124100233324729,
-0.28935768699010533,-0.7150962917712052,-0.9061218938890807,0.5053097476774591,-0.26855645209093804,
0.8485786749724509,0.9442686060337933,-0.07880528228226136,0.46146387226904517,0.5038930752444755,
-0.5825912796089281,0.33226831550432134,-0.2929942099124363,-0.9298363468434458,-0.33209118434436924,
-0.17244883976667413,-0.04547217401218573,-0.5077772962722749,0.2432185927825261,0.698114455202343,
outputWeight:
-0.9982959986040869,0.9541276856981995,0.7036722500438208,0.9353377186697573,0.6536102740502294,
1 2 3 4 5 6 7 8 9 10 11 12 13 14 15 16 17 18 19 20 21 22 23 24 25 26 27 28 29 30 31 32 33 34 35 36 37 38 39 40 41 42 43 44 45 46 47 48 49 50 51 52 53 54 55 56 57 58 59 60 61 62 63 64 65 66 67 68 69 70 71 72 73 74 75 76 77 78 79 80 81 82 83 84 85 86 87 88 89 90 91 92 93 94 95 96 97 98 99 100 
top in 114:112,112000
inputWeight:
0.43805313150131586,-0.28930144569282135,0.8664410335920398,-0.4686880703085068,-0.3217840672392076,
-0.915656363728873,0.8617154740007813,0.27265624511162945,-0.320931511361205,0.862236723482833,
0.9454946576875465,-0.4419559057243512,0.11878827244628787,-0.9365097582126578,0.6900118284233936,
0.8268234226478668,-0.13907624806790442,-0.20946028818116558,0.9439148724699,-0.12475340080691288,
0.009783920488165787,0.4961602099858826,0.4442609601142615,0.8984301302306616,-0.5625564491050741,
-0.9750714855511475,-0.768969402307975,0.005734718704108577,0.38295093317144535,-0.39620616393441654,
0.18546678389072802,0.029890394378006224,0.46410287600403133,0.9932168026268957,-0.7528579645798799,
-0.7538180114322144,-0.21678020493443473,0.2491576111998508,0.04649017756126761,0.15947688081107048,
outputWeight:
-0.9982959986040869,0.9541276856981995,0.7036722500438208,0.9353377186697573,0.6536102740502294,
1 2 3 4 5 6 7 8 9 10 11 12 13 14 15 16 17 18 19 20 21 22 23 24 25 26 27 28 29 30 31 32 33 34 35 36 37 38 39 40 41 42 43 44 45 46 47 48 49 50 51 52 53 54 55 56 57 58 59 60 61 62 63 64 65 66 67 68 69 70 71 72 73 74 75 76 77 78 79 80 81 82 83 84 85 86 87 88 89 90 91 92 93 94 95 96 97 98 99 100 
top in 115:1153,1155000
inputWeight:
-0.9144557211366158,0.9093734201027384,-0.09478003018750858,-0.1274655631133208,-0.3217840672392076,
0.5246658905990775,0.8021826635515885,0.41933524328767313,-0.7138527076908521,0.21537733447933038,
0.7550485947125958,0.6882701312925776,0.6492742666947671,0.2810444952384754,-0.6848646398428904,
-0.6517896270977919,0.2706634583536349,-0.41430241347326446,-0.1703079451403009,0.5977290297198044,
-0.3238571081597692,0.4961602099858826,0.013685187034259583,-0.45734316816875475,0.566122753992691,
0.19974742838301718,0.4683937759134513,-0.8731629734450346,0.38295093317144535,0.33478018954352384,
-0.8827535196654279,-0.015885843789048337,0.46410287600403133,-0.9515344069145268,0.8488062987430673,
0.560625820778837,0.8628945859179162,0.1657591349212535,0.04649017756126761,-0.2917456299171062,
outputWeight:
-0.9982959986040869,0.9541276856981995,0.7036722500438208,0.9353377186697573,0.6536102740502294,
1 2 3 4 5 6 7 8 9 10 11 12 13 14 15 16 17 18 19 20 21 22 23 24 25 26 27 28 29 30 31 32 33 34 35 36 37 38 39 40 41 42 43 44 45 46 47 48 49 50 51 52 53 54 55 56 57 58 59 60 61 62 63 64 65 66 67 68 69 70 71 72 73 74 75 76 77 78 79 80 81 82 83 84 85 86 87 88 89 90 91 92 93 94 95 96 97 98 99 100 
top in 116:26,26000
inputWeight:
0.5271397040293635,-0.7933245251104315,0.5857677864486506,-0.9024655537944493,0.6807758561483426,
0.38009949392396547,0.07936011251754005,0.6828433049168066,-0.5968380439159318,0.9143752949983597,
-0.5748656052596748,-0.6895355750020673,-0.1288956554292784,-0.6440587382546354,-0.9789371442273633,
-0.29826628289375234,0.6205295167903409,-0.41430241347326446,0.17201367393518763,-0.5367403603210117,
0.7641379702487805,0.5080148191752025,-0.9152101503578411,0.816195150871025,-0.8423902497801401,
-0.5217928972748065,0.2417513267660436,-0.7633135882042505,-0.47158680901084593,-0.29311683383101017,
-0.9192400408300072,0.697887734373658,0.5005145972330391,0.6603125415009372,-0.7992358838997162,
-0.09472932748203644,0.7057977322577949,0.3470338498876975,-0.6941172727223908,0.6457866351393515,
outputWeight:
-0.9982959986040869,0.9541276856981995,0.7036722500438208,0.9353377186697573,0.6536102740502294,
1 2 3 4 5 6 7 8 9 10 11 12 13 14 15 16 17 18 19 20 21 22 23 24 25 26 27 28 29 30 31 32 33 34 35 36 37 38 39 40 41 42 43 44 45 46 47 48 49 50 51 52 53 54 55 56 57 58 59 60 61 62 63 64 65 66 67 68 69 70 71 72 73 74 75 76 77 78 79 80 81 82 83 84 85 86 87 88 89 90 91 92 93 94 95 96 97 98 99 100 
top in 117:3852,3857000
inputWeight:
0.5924248995603156,-0.7933245251104315,0.645918983808978,-0.7823245004916441,-0.1669394192709719,
0.39688622706634424,0.9080796218795189,-0.6611524188049798,0.17273353175021944,0.682661854251045,
0.16091047652955015,-0.6895355750020673,0.4438542257272915,0.5349751586808615,0.7608587628923447,
0.543426313202453,0.2200973043681247,0.4486019299884474,0.18173105428945635,-0.7069072024003404,
0.9075964333969964,0.4417282703331824,-0.12237580027335704,0.7313696864635908,0.19248301545815516,
0.40937416283809935,0.2417513267660436,0.4027036292379398,0.35497704985338685,0.5281224688149411,
0.08910064097639969,0.5759878749784446,0.6463960858213378,0.30929292135510655,-0.6507125651967844,
-0.6151293987126465,-0.46042584085566673,-0.17949098980515554,-0.024594170611929478,-0.24098460658876242,
outputWeight:
-0.9982959986040869,0.9541276856981995,0.7036722500438208,0.9353377186697573,0.6536102740502294,
1 2 3 4 5 6 7 8 9 10 11 12 13 14 15 16 17 18 19 20 21 22 23 24 25 26 27 28 29 30 31 32 33 34 35 36 37 38 39 40 41 42 43 44 45 46 47 48 49 50 51 52 53 54 55 56 57 58 59 60 61 62 63 64 65 66 67 68 69 70 71 72 73 74 75 76 77 78 79 80 81 82 83 84 85 86 87 88 89 90 91 92 93 94 95 96 97 98 99 100 
top in 118:59,59000
inputWeight:
-0.17997369016177234,-0.8542732666154866,0.3698985361052505,0.5460265072186465,-0.022430264044811077,
0.6829864349817683,-0.15291362799211794,-0.2552811605051202,-0.8951870650726006,0.1770166911854265,
0.16091047652955015,0.5565026864493128,0.565848912459328,0.6649529623551,-0.32670593581592366,
0.09490012741105969,-0.42780876625183395,0.4486019299884474,0.18913126294432137,-0.7069072024003404,
0.822191162361201,0.8552566952703795,0.22211719203227687,0.7163577670171903,0.19248301545815516,
0.40937416283809935,-0.8199778852798452,-0.21420391904581293,-0.49172774904633787,-0.32295639216575744,
-0.5743710089801486,-0.5632000174585718,0.6478937807006642,0.02399147316834771,-0.6289150341815053,
0.7566475314634158,0.6040842513756484,-0.47956043854485353,0.31799971460095255,-0.24098460658876242,
outputWeight:
-0.9982959986040869,0.9541276856981995,0.7036722500438208,0.9353377186697573,0.6536102740502294,
1 2 3 4 5 6 7 8 9 10 11 12 13 14 15 16 17 18 19 20 21 22 23 24 25 26 27 28 29 30 31 32 33 34 35 36 37 38 39 40 41 42 43 44 45 46 47 48 49 50 51 52 53 54 55 56 57 58 59 60 61 62 63 64 65 66 67 68 69 70 71 72 73 74 75 76 77 78 79 80 81 82 83 84 85 86 87 88 89 90 91 92 93 94 95 96 97 98 99 100 
top in 119:3777,3779000
inputWeight:
0.754433684184159,-0.8542732666154866,0.8888697909557557,-0.33872249537794286,0.8885765101974186,
0.25113533090019224,-0.9547590298698343,-0.9056145698114328,0.37471036773819977,-0.6987115470206404,
0.9135990725921164,-0.07086142817569074,0.39783100619058764,0.10864506678969366,0.4661775331515503,
-0.6096462907783076,-0.018552296743377328,0.016299505302502126,0.2831809538907699,-0.5535402095384372,
-0.6748446589448709,-0.05983460328111567,-0.8633851207801149,0.9208810612981326,0.16122106375432987,
0.02120418691864967,0.632471512853104,0.32408850698715463,-0.11177127210217841,-0.3286607832294537,
-0.5743710089801486,-0.5632000174585718,0.08486976600094365,-0.5393981110261763,0.6793246643522417,
-0.9870954240965468,0.4900769575279038,0.5169034877475236,0.7487054321248572,0.8485577279864627,
outputWeight:
-0.9982959986040869,0.9541276856981995,0.7036722500438208,0.9353377186697573,0.6536102740502294,
1 2 3 4 5 6 7 8 9 10 11 12 13 14 15 16 17 18 19 20 21 22 23 24 25 26 27 28 29 30 31 32 33 34 35 36 37 38 39 40 41 42 43 44 45 46 47 48 49 50 51 52 53 54 55 56 57 58 59 60 61 62 63 64 65 66 67 68 69 70 71 72 73 74 75 76 77 78 79 80 81 82 83 84 85 86 87 88 89 90 91 92 93 94 95 96 97 98 99 100 
top in 120:18,18000
inputWeight:
0.27837785494801204,-0.8542732666154866,0.4920796524950277,0.9598207636002203,-0.628959206857582,
-0.6305804017774823,0.3398230874802992,-0.16533998294688868,-0.08823478669589946,0.1183932829179124,
0.4936835806133748,-0.07086142817569074,0.4085639372591878,0.3707643665730489,-0.6469514985538878,
0.8475238804337015,0.5775889298517194,-0.3228143417131797,-0.8151334930414722,-0.3911512911726194,
-0.9962890127649309,-0.9875286808838533,0.4814554089495393,-0.05078003032342693,0.16122106375432987,
-0.06279359874710178,0.632471512853104,0.26062012586686345,0.02438656786927762,0.3431767166759272,
0.881870628640611,0.6462583662721748,0.2913591461829421,0.6981398166125434,-0.2794873085129548,
-0.4852562976814352,0.29820975170058883,0.37424924223699163,0.8100857006625242,0.8485577279864627,
outputWeight:
-0.9982959986040869,0.9541276856981995,0.7036722500438208,0.9353377186697573,0.6536102740502294,
1 2 3 4 5 6 7 8 9 10 11 12 13 14 15 16 17 18 19 20 21 22 23 24 25 26 27 28 29 30 31 32 33 34 35 36 37 38 39 40 41 42 43 44 45 46 47 48 49 50 51 52 53 54 55 56 57 58 59 60 61 62 63 64 65 66 67 68 69 70 71 72 73 74 75 76 77 78 79 80 81 82 83 84 85 86 87 88 89 90 91 92 93 94 95 96 97 98 99 100 
top in 121:256,261000
inputWeight:
0.7180184411085309,0.3421346252762625,-0.6950943706882609,0.6912449115403727,0.5352784922859337,
0.5848401138454047,-0.23002980052476074,0.7787378587774665,-0.48905633893997713,-0.9477364692896377,
-0.9512002256375998,-0.8867274182619955,0.4085639372591878,0.6720189887561974,-0.6469514985538878,
-0.8534560247627672,0.33338000628935194,-0.11467535388901284,-0.6565640695497166,-0.3911512911726194,
-0.16651000801705584,0.28142683296017723,-0.6681757097357244,-0.05078003032342693,-0.2935764344601073,
-0.9949459324648051,0.44686487091515437,-0.22253352071707777,0.12911706391704048,0.3431767166759272,
-0.35544647660015105,-0.39866015614919337,-0.39777001914099386,-0.1849002376284694,0.11880967998355785,
0.8925210770834744,0.9062911784627325,0.37424924223699163,-0.2572233128825474,0.09134561087859638,
outputWeight:
-0.9982959986040869,0.9541276856981995,0.7036722500438208,0.9353377186697573,0.6536102740502294,
1 2 3 4 5 6 7 8 9 10 11 12 13 14 15 16 17 18 19 20 21 22 23 24 25 26 27 28 29 30 31 32 33 34 35 36 37 38 39 40 41 42 43 44 45 46 47 48 49 50 51 52 53 54 55 56 57 58 59 60 61 62 63 64 65 66 67 68 69 70 71 72 73 74 75 76 77 78 79 80 81 82 83 84 85 86 87 88 89 90 91 92 93 94 95 96 97 98 99 100 
top in 122:887,887000
inputWeight:
0.5271610365265673,0.0058111523246364705,-0.023732646784927924,0.6912449115403727,0.8594005185124758,
0.5848401138454047,-0.3006102695625481,-0.5490649117299271,-0.5091090261891345,0.45118874723240143,
-0.9512002256375998,0.5432345780955863,0.018043939111316076,-0.9671742021121477,0.8038393240702297,
0.37939815218091044,0.5122920415652246,-0.11467535388901284,0.21132696159889974,0.16639150188798735,
0.8959351827027546,-0.0015478850255132848,0.4765589640389678,-0.8017780463322923,-0.28361813234739164,
0.0019347533448081933,-0.8538259788774665,0.9188845550579232,-0.3394769962924127,-0.9679138747694958,
0.6718663207364193,-0.39866015614919337,-0.8628163565318843,-0.018193976189157413,-0.4254148305102947,
0.8925210770834744,0.14275000258679227,-0.22619738072087436,0.636033086520627,-0.8595348259088407,
outputWeight:
-0.9982959986040869,0.9541276856981995,0.7036722500438208,0.9353377186697573,0.6536102740502294,
1 2 3 4 5 6 7 8 9 10 11 12 13 14 15 16 17 18 19 20 21 22 23 24 25 26 27 28 29 30 31 32 33 34 35 36 37 38 39 40 41 42 43 44 45 46 47 48 49 50 51 52 53 54 55 56 57 58 59 60 61 62 63 64 65 66 67 68 69 70 71 72 73 74 75 76 77 78 79 80 81 82 83 84 85 86 87 88 89 90 91 92 93 94 95 96 97 98 99 100 
top in 123:3695,3696000
inputWeight:
-0.5173296266989853,0.3715259185732773,-0.4563298152223534,-0.6060495614444983,0.8594005185124758,
0.7719025906659209,0.5598204902369284,-0.29496159040027425,0.8471696078113362,0.6789712942734563,
-0.4720088958780706,-0.43261348270672295,-0.6183965034067134,-0.5466086774094607,0.2338820322266968,
-0.5748267262927778,-0.7423878983014602,-0.3576733672854133,0.21132696159889974,-0.6184375873303951,
-0.8706790859112905,-0.11631728767597926,0.21285694633698204,-0.014363965076654939,-0.05457131091692169,
-0.1603418927073026,-0.8538259788774665,0.8617367017670903,0.6635612070914105,0.45726146705053106,
0.5105889872841816,-0.39866015614919337,0.5132801467210075,-0.781509476192412,-0.23822500930755952,
-0.008184298974238224,-0.5330039289421131,0.9897757573618087,-0.5241020498196995,-0.8671292139523072,
outputWeight:
-0.9982959986040869,0.9541276856981995,0.7036722500438208,0.9353377186697573,0.6536102740502294,
1 2 3 4 5 6 7 8 9 10 11 12 13 14 15 16 17 18 19 20 21 22 23 24 25 26 27 28 29 30 31 32 33 34 35 36 37 38 39 40 41 42 43 44 45 46 47 48 49 50 51 52 53 54 55 56 57 58 59 60 61 62 63 64 65 66 67 68 69 70 71 72 73 74 75 76 77 78 79 80 81 82 83 84 85 86 87 88 89 90 91 92 93 94 95 96 97 98 99 100 
top in 124:3453,3454000
inputWeight:
0.6500522838436422,0.49951507413456864,-0.9810529310148812,0.04841432005546675,-0.6550226053973194,
-0.4927260610078277,0.5598204902369284,0.5080155565223203,0.7926565921289295,-0.9655694242753581,
0.9318900162089343,-0.5131608338217031,-0.16517228228391123,-0.5466086774094607,0.18848207371146986,
-0.5368505777749133,0.7290265416002968,0.48982722600934814,-0.3195382987357678,-0.05892642876904097,
0.654823900957689,-0.08745257631353365,-0.7694168919090927,0.039206714173111834,-0.5060586298554923,
0.3794351662316242,-0.3374542060986454,-0.49032767401244937,0.6635612070914105,0.0028842683845764494,
-0.26766723326252695,-0.5597153122619507,-0.29145254341391325,-0.781509476192412,-0.08693060685560705,
-0.930555223361003,0.515943622670344,-0.6497904768057285,-0.3361913367890086,-0.24608715676119486,
outputWeight:
-0.9982959986040869,0.9541276856981995,0.7036722500438208,0.9353377186697573,0.6536102740502294,
1 2 3 4 5 6 7 8 9 10 11 12 13 14 15 16 17 18 19 