T piece
A(0,1),(1,0),(1,1),(2,1)
B(1,0),(1,1),(2,1),(1,2)
C(0,1),(1,1),(2,1),(1,2)
D(1,0),(0,1),(1,1),(1,2)

S piece
A(1,0),(2,0),(0,1),(1,1)
B(1,0),(1,1),(2,1),(2,2)
C(1,1),(2,1),(0,2),(1,2)
D(0,0),(0,1),(1,1),(1,2)

Z piece
A(0,0),(1,0),(1,1),(2,1)
B(2,0),(1,1),(2,1),(1,2)
C(0,1),(1,1),(1,2),(2,2)
D(1,0),(0,1),(1,1),(0,2)

L piece
A(2,0),(0,1),(1,1),(2,1)
B(1,0),(1,1),(1,2),(2,2)
C(0,1),(1,1),(2,1),(0,2)
D(0,0),(1,0),(1,1),(1,2)

J piece
A(0,0),(0,1),(1,1),(2,1)
B(1,0),(2,0),(1,1),(1,2)
C(0,1),(1,1),(2,1),(2,2)
D(1,0),(1,1),(0,2),(1,2)

I piece
A(0,1),(1,1),(2,1),(3,1)
B(2,0),(2,1),(2,2),(2,3)
C(0,2),(1,2),(2,2),(3,2)
D(1,0),(1,1),(1,2),(1,3)